problemName,vehicleFileID,UAVSpeedType,numUAVs,numTrucks
20191230T164814918251,104,variable,2,-1

Objective Function Value: 17128.958326 

Assignments: 
vehicleID,vehicleType,activityType,startTime,startNode,endTime,endNode,Description,Status
1.0,Truck,Truck is stationary with no UAVs on board,0.0,0.0,60.0,0.0,Launching UAV 2,UAV Launch
1.0,Truck,Truck is stationary with no UAVs on board,60.0,0.0,120.0,0.0,Launching UAV 3,UAV Launch
1.0,Truck,Truck travels with no UAVs on board,120.0,0.0,559.099388,7.0,Travel from node 0 to node 7,Traveling
1.0,Truck,Truck is stationary with no UAVs on board,559.099388,7.0,589.099388,7.0,Retrieving UAV 2,UAV Recovery
1.0,Truck,Truck is stationary with no UAVs on board,589.099388,7.0,619.099388,7.0,Retrieving UAV 3,UAV Recovery
1.0,Truck,Truck is stationary with no UAVs on board,619.099388,7.0,649.099388,7.0,Dropping off package to Customer 7,Making Delivery
1.0,Truck,Truck travels with UAV(s) on board,649.099388,7.0,989.607067,98.0,Travel from node 7 to node 98,Traveling
1.0,Truck,Truck is stationary with UAV(s) on board,989.607067,98.0,1019.607067,98.0,Dropping off package to Customer 98,Making Delivery
1.0,Truck,Truck travels with UAV(s) on board,1019.607067,98.0,1181.281729,3.0,Travel from node 98 to node 3,Traveling
1.0,Truck,Truck is stationary with UAV(s) on board,1181.281729,3.0,1211.281729,3.0,Dropping off package to Customer 3,Making Delivery
1.0,Truck,Truck is stationary with UAV(s) on board,1211.281729,3.0,1271.281729,3.0,Launching UAV 3,UAV Launch
1.0,Truck,Truck is stationary with UAV(s) on board,1271.281729,3.0,1331.281729,3.0,Launching UAV 2,UAV Launch
1.0,Truck,Truck travels with no UAVs on board,1331.281729,3.0,1729.591104,52.0,Travel from node 3 to node 52,Traveling
1.0,Truck,Truck is stationary with no UAVs on board,1729.591104,52.0,1759.591104,52.0,Retrieving UAV 2,UAV Recovery
1.0,Truck,Truck is stationary with no UAVs on board,1759.591104,52.0,1789.591104,52.0,Dropping off package to Customer 52,Making Delivery
1.0,Truck,Truck is stationary with no UAVs on board,1789.591104,52.0,1849.591104,52.0,Launching UAV 2,UAV Launch
1.0,Truck,Truck is stationary with no UAVs on board,1849.591104,52.0,1879.591104,52.0,Retrieving UAV 3,UAV Recovery
1.0,Truck,Truck is stationary with no UAVs on board,1879.591104,52.0,1939.591104,52.0,Launching UAV 3,UAV Launch
1.0,Truck,Truck travels with no UAVs on board,1939.591104,52.0,2370.682947,83.0,Travel from node 52 to node 83,Traveling
1.0,Truck,Truck is stationary with no UAVs on board,2370.682947,83.0,2400.682947,83.0,Retrieving UAV 2,UAV Recovery
1.0,Truck,Truck is stationary with no UAVs on board,2400.682947,83.0,2430.682947,83.0,Dropping off package to Customer 83,Making Delivery
1.0,Truck,Truck is stationary with no UAVs on board,2430.682947,83.0,2490.682947,83.0,Launching UAV 2,UAV Launch
1.0,Truck,Truck is stationary with no UAVs on board,2490.682947,83.0,2520.682947,83.0,Retrieving UAV 3,UAV Recovery
1.0,Truck,Truck is stationary with no UAVs on board,2520.682947,83.0,2580.682947,83.0,Launching UAV 3,UAV Launch
1.0,Truck,Truck travels with no UAVs on board,2580.682947,83.0,2758.741678,49.0,Travel from node 83 to node 49,Traveling
1.0,Truck,Truck is stationary with no UAVs on board,2758.741678,49.0,2788.741678,49.0,Dropping off package to Customer 49,Making Delivery
1.0,Truck,Truck travels with no UAVs on board,2788.741678,49.0,2897.847171,13.0,Travel from node 49 to node 13,Traveling
1.0,Truck,Truck is stationary with no UAVs on board,2897.847171,13.0,2927.847171,13.0,Dropping off package to Customer 13,Making Delivery
1.0,Truck,Truck is stationary with no UAVs on board,2927.847171,13.0,2957.847171,13.0,Retrieving UAV 2,UAV Recovery
1.0,Truck,Truck is stationary with no UAVs on board,2957.847171,13.0,3017.847171,13.0,Launching UAV 2,UAV Launch
1.0,Truck,Truck is stationary with no UAVs on board,3017.847171,13.0,3047.847171,13.0,Retrieving UAV 3,UAV Recovery
1.0,Truck,Truck travels with UAV(s) on board,3047.847171,13.0,3193.706588,19.0,Travel from node 13 to node 19,Traveling
1.0,Truck,Truck is stationary with UAV(s) on board,3193.706588,19.0,3223.706588,19.0,Dropping off package to Customer 19,Making Delivery
1.0,Truck,Truck is stationary with UAV(s) on board,3223.706588,19.0,3283.706588,19.0,Launching UAV 3,UAV Launch
1.0,Truck,Truck is stationary with UAV(s) on board,3283.706588,19.0,3313.706588,19.0,Retrieving UAV 2,UAV Recovery
1.0,Truck,Truck is stationary with UAV(s) on board,3313.706588,19.0,3373.706588,19.0,Launching UAV 2,UAV Launch
1.0,Truck,Truck travels with no UAVs on board,3373.706588,19.0,3612.51921,96.0,Travel from node 19 to node 96,Traveling
1.0,Truck,Truck is stationary with no UAVs on board,3612.51921,96.0,3642.51921,96.0,Retrieving UAV 3,UAV Recovery
1.0,Truck,Truck is stationary with no UAVs on board,3642.51921,96.0,3672.51921,96.0,Dropping off package to Customer 96,Making Delivery
1.0,Truck,Truck is stationary with no UAVs on board,3672.51921,96.0,3702.51921,96.0,Retrieving UAV 2,UAV Recovery
1.0,Truck,Truck is stationary with no UAVs on board,3702.51921,96.0,3762.51921,96.0,Launching UAV 2,UAV Launch
1.0,Truck,Truck is stationary with no UAVs on board,3762.51921,96.0,3822.51921,96.0,Launching UAV 3,UAV Launch
1.0,Truck,Truck travels with no UAVs on board,3822.51921,96.0,3980.927384,59.0,Travel from node 96 to node 59,Traveling
1.0,Truck,Truck is stationary with no UAVs on board,3980.927384,59.0,4010.927384,59.0,Dropping off package to Customer 59,Making Delivery
1.0,Truck,Truck is stationary with no UAVs on board,4010.927384,59.0,4041.71484539,59.0,Idle for  31 seconds,Idle
1.0,Truck,Truck is stationary with no UAVs on board,4041.71484539,59.0,4071.71484539,59.0,Retrieving UAV 2,UAV Recovery
1.0,Truck,Truck is stationary with no UAVs on board,4071.71484539,59.0,4131.71484539,59.0,Launching UAV 2,UAV Launch
1.0,Truck,Truck is stationary with no UAVs on board,4131.71484539,59.0,4161.71484539,59.0,Retrieving UAV 3,UAV Recovery
1.0,Truck,Truck is stationary with no UAVs on board,4161.71484539,59.0,4221.71484539,59.0,Launching UAV 3,UAV Launch
1.0,Truck,Truck travels with no UAVs on board,4221.71484539,59.0,4616.71367039,34.0,Travel from node 59 to node 34,Traveling
1.0,Truck,Truck is stationary with no UAVs on board,4616.71367039,34.0,4646.71367039,34.0,Retrieving UAV 2,UAV Recovery
1.0,Truck,Truck is stationary with no UAVs on board,4646.71367039,34.0,4676.71367039,34.0,Retrieving UAV 3,UAV Recovery
1.0,Truck,Truck is stationary with no UAVs on board,4676.71367039,34.0,4706.71367039,34.0,Dropping off package to Customer 34,Making Delivery
1.0,Truck,Truck is stationary with no UAVs on board,4706.71367039,34.0,4766.71367039,34.0,Launching UAV 2,UAV Launch
1.0,Truck,Truck travels with UAV(s) on board,4766.71367039,34.0,5006.32931539,77.0,Travel from node 34 to node 77,Traveling
1.0,Truck,Truck is stationary with UAV(s) on board,5006.32931539,77.0,5036.32931539,77.0,Dropping off package to Customer 77,Making Delivery
1.0,Truck,Truck is stationary with UAV(s) on board,5036.32931539,77.0,5066.32931539,77.0,Retrieving UAV 2,UAV Recovery
1.0,Truck,Truck is stationary with UAV(s) on board,5066.32931539,77.0,5126.32931539,77.0,Launching UAV 3,UAV Launch
1.0,Truck,Truck is stationary with UAV(s) on board,5126.32931539,77.0,5186.32931539,77.0,Launching UAV 2,UAV Launch
1.0,Truck,Truck travels with no UAVs on board,5186.32931539,77.0,5389.84280439,4.0,Travel from node 77 to node 4,Traveling
1.0,Truck,Truck is stationary with no UAVs on board,5389.84280439,4.0,5419.84280439,4.0,Dropping off package to Customer 4,Making Delivery
1.0,Truck,Truck travels with no UAVs on board,5419.84280439,4.0,5528.25833539,43.0,Travel from node 4 to node 43,Traveling
1.0,Truck,Truck is stationary with no UAVs on board,5528.25833539,43.0,5558.25833539,43.0,Retrieving UAV 2,UAV Recovery
1.0,Truck,Truck is stationary with no UAVs on board,5558.25833539,43.0,5588.25833539,43.0,Dropping off package to Customer 43,Making Delivery
1.0,Truck,Truck is stationary with no UAVs on board,5588.25833539,43.0,5618.25833539,43.0,Retrieving UAV 3,UAV Recovery
1.0,Truck,Truck travels with UAV(s) on board,5618.25833539,43.0,5742.04943839,30.0,Travel from node 43 to node 30,Traveling
1.0,Truck,Truck is stationary with UAV(s) on board,5742.04943839,30.0,5772.04943839,30.0,Dropping off package to Customer 30,Making Delivery
1.0,Truck,Truck is stationary with UAV(s) on board,5772.04943839,30.0,5832.04943839,30.0,Launching UAV 3,UAV Launch
1.0,Truck,Truck is stationary with UAV(s) on board,5832.04943839,30.0,5892.04943839,30.0,Launching UAV 2,UAV Launch
1.0,Truck,Truck travels with no UAVs on board,5892.04943839,30.0,6778.76001339,63.0,Travel from node 30 to node 63,Traveling
1.0,Truck,Truck is stationary with no UAVs on board,6778.76001339,63.0,6808.76001339,63.0,Dropping off package to Customer 63,Making Delivery
1.0,Truck,Truck travels with no UAVs on board,6808.76001339,63.0,6848.08600039,8.0,Travel from node 63 to node 8,Traveling
1.0,Truck,Truck is stationary with no UAVs on board,6848.08600039,8.0,6878.08600039,8.0,Retrieving UAV 3,UAV Recovery
1.0,Truck,Truck is stationary with no UAVs on board,6878.08600039,8.0,6908.08600039,8.0,Retrieving UAV 2,UAV Recovery
1.0,Truck,Truck is stationary with no UAVs on board,6908.08600039,8.0,6938.08600039,8.0,Dropping off package to Customer 8,Making Delivery
1.0,Truck,Truck is stationary with no UAVs on board,6938.08600039,8.0,6998.08600039,8.0,Launching UAV 2,UAV Launch
1.0,Truck,Truck travels with UAV(s) on board,6998.08600039,8.0,7094.59631739,37.0,Travel from node 8 to node 37,Traveling
1.0,Truck,Truck is stationary with UAV(s) on board,7094.59631739,37.0,7124.59631739,37.0,Dropping off package to Customer 37,Making Delivery
1.0,Truck,Truck is stationary with UAV(s) on board,7124.59631739,37.0,7184.59631739,37.0,Launching UAV 3,UAV Launch
1.0,Truck,Truck is stationary with UAV(s) on board,7184.59631739,37.0,7214.59631739,37.0,Retrieving UAV 2,UAV Recovery
1.0,Truck,Truck is stationary with UAV(s) on board,7214.59631739,37.0,7274.59631739,37.0,Launching UAV 2,UAV Launch
1.0,Truck,Truck travels with no UAVs on board,7274.59631739,37.0,7427.46360539,100.0,Travel from node 37 to node 100,Traveling
1.0,Truck,Truck is stationary with no UAVs on board,7427.46360539,100.0,7457.46360539,100.0,Retrieving UAV 3,UAV Recovery
1.0,Truck,Truck is stationary with no UAVs on board,7457.46360539,100.0,7487.46360539,100.0,Dropping off package to Customer 100,Making Delivery
1.0,Truck,Truck is stationary with no UAVs on board,7487.46360539,100.0,7547.46360539,100.0,Launching UAV 3,UAV Launch
1.0,Truck,Truck travels with no UAVs on board,7547.46360539,100.0,7641.77597339,85.0,Travel from node 100 to node 85,Traveling
1.0,Truck,Truck is stationary with no UAVs on board,7641.77597339,85.0,7671.77597339,85.0,Dropping off package to Customer 85,Making Delivery
1.0,Truck,Truck is stationary with no UAVs on board,7671.77597339,85.0,7701.77597339,85.0,Retrieving UAV 2,UAV Recovery
1.0,Truck,Truck is stationary with no UAVs on board,7701.77597339,85.0,7761.77597339,85.0,Launching UAV 2,UAV Launch
1.0,Truck,Truck is stationary with no UAVs on board,7761.77597339,85.0,7764.98282335,85.0,Idle for   3 seconds,Idle
1.0,Truck,Truck is stationary with no UAVs on board,7764.98282335,85.0,7794.98282335,85.0,Retrieving UAV 3,UAV Recovery
1.0,Truck,Truck is stationary with no UAVs on board,7794.98282335,85.0,7854.98282335,85.0,Launching UAV 3,UAV Launch
1.0,Truck,Truck travels with no UAVs on board,7854.98282335,85.0,8250.51938335,88.0,Travel from node 85 to node 88,Traveling
1.0,Truck,Truck is stationary with no UAVs on board,8250.51938335,88.0,8280.51938335,88.0,Retrieving UAV 2,UAV Recovery
1.0,Truck,Truck is stationary with no UAVs on board,8280.51938335,88.0,8310.51938335,88.0,Dropping off package to Customer 88,Making Delivery
1.0,Truck,Truck is stationary with no UAVs on board,8310.51938335,88.0,8340.51938335,88.0,Retrieving UAV 3,UAV Recovery
1.0,Truck,Truck is stationary with no UAVs on board,8340.51938335,88.0,8400.51938335,88.0,Launching UAV 3,UAV Launch
1.0,Truck,Truck is stationary with no UAVs on board,8400.51938335,88.0,8460.51938335,88.0,Launching UAV 2,UAV Launch
1.0,Truck,Truck travels with no UAVs on board,8460.51938335,88.0,8730.39265635,42.0,Travel from node 88 to node 42,Traveling
1.0,Truck,Truck is stationary with no UAVs on board,8730.39265635,42.0,8760.39265635,42.0,Dropping off package to Customer 42,Making Delivery
1.0,Truck,Truck travels with no UAVs on board,8760.39265635,42.0,8869.37012335,20.0,Travel from node 42 to node 20,Traveling
1.0,Truck,Truck is stationary with no UAVs on board,8869.37012335,20.0,8899.37012335,20.0,Retrieving UAV 2,UAV Recovery
1.0,Truck,Truck is stationary with no UAVs on board,8899.37012335,20.0,8929.37012335,20.0,Retrieving UAV 3,UAV Recovery
1.0,Truck,Truck is stationary with no UAVs on board,8929.37012335,20.0,8959.37012335,20.0,Dropping off package to Customer 20,Making Delivery
1.0,Truck,Truck is stationary with no UAVs on board,8959.37012335,20.0,9019.37012335,20.0,Launching UAV 3,UAV Launch
1.0,Truck,Truck is stationary with no UAVs on board,9019.37012335,20.0,9079.37012335,20.0,Launching UAV 2,UAV Launch
1.0,Truck,Truck travels with no UAVs on board,9079.37012335,20.0,9279.21010535,71.0,Travel from node 20 to node 71,Traveling
1.0,Truck,Truck is stationary with no UAVs on board,9279.21010535,71.0,9309.21010535,71.0,Retrieving UAV 3,UAV Recovery
1.0,Truck,Truck is stationary with no UAVs on board,9309.21010535,71.0,9339.21010535,71.0,Retrieving UAV 2,UAV Recovery
1.0,Truck,Truck is stationary with no UAVs on board,9339.21010535,71.0,9369.21010535,71.0,Dropping off package to Customer 71,Making Delivery
1.0,Truck,Truck is stationary with no UAVs on board,9369.21010535,71.0,9429.21010535,71.0,Launching UAV 3,UAV Launch
1.0,Truck,Truck travels with UAV(s) on board,9429.21010535,71.0,9590.81199535,23.0,Travel from node 71 to node 23,Traveling
1.0,Truck,Truck is stationary with UAV(s) on board,9590.81199535,23.0,9620.81199535,23.0,Dropping off package to Customer 23,Making Delivery
1.0,Truck,Truck travels with UAV(s) on board,9620.81199535,23.0,9713.37947835,46.0,Travel from node 23 to node 46,Traveling
1.0,Truck,Truck is stationary with UAV(s) on board,9713.37947835,46.0,9743.37947835,46.0,Retrieving UAV 3,UAV Recovery
1.0,Truck,Truck is stationary with UAV(s) on board,9743.37947835,46.0,9773.37947835,46.0,Dropping off package to Customer 46,Making Delivery
1.0,Truck,Truck travels with UAV(s) on board,9773.37947835,46.0,9946.68246535,44.0,Travel from node 46 to node 44,Traveling
1.0,Truck,Truck is stationary with UAV(s) on board,9946.68246535,44.0,9976.68246535,44.0,Dropping off package to Customer 44,Making Delivery
1.0,Truck,Truck travels with UAV(s) on board,9976.68246535,44.0,10072.2073444,80.0,Travel from node 44 to node 80,Traveling
1.0,Truck,Truck is stationary with UAV(s) on board,10072.2073444,80.0,10102.2073444,80.0,Dropping off package to Customer 80,Making Delivery
1.0,Truck,Truck travels with UAV(s) on board,10102.2073444,80.0,10173.7077204,28.0,Travel from node 80 to node 28,Traveling
1.0,Truck,Truck is stationary with UAV(s) on board,10173.7077204,28.0,10203.7077204,28.0,Dropping off package to Customer 28,Making Delivery
1.0,Truck,Truck travels with UAV(s) on board,10203.7077204,28.0,10216.8877974,39.0,Travel from node 28 to node 39,Traveling
1.0,Truck,Truck is stationary with UAV(s) on board,10216.8877974,39.0,10246.8877974,39.0,Dropping off package to Customer 39,Making Delivery
1.0,Truck,Truck travels with UAV(s) on board,10246.8877974,39.0,10337.6399154,21.0,Travel from node 39 to node 21,Traveling
1.0,Truck,Truck is stationary with UAV(s) on board,10337.6399154,21.0,10367.6399154,21.0,Dropping off package to Customer 21,Making Delivery
1.0,Truck,Truck is stationary with UAV(s) on board,10367.6399154,21.0,10427.6399154,21.0,Launching UAV 2,UAV Launch
1.0,Truck,Truck is stationary with UAV(s) on board,10427.6399154,21.0,10487.6399154,21.0,Launching UAV 3,UAV Launch
1.0,Truck,Truck travels with no UAVs on board,10487.6399154,21.0,11265.1207104,92.0,Travel from node 21 to node 92,Traveling
1.0,Truck,Truck is stationary with no UAVs on board,11265.1207104,92.0,11295.1207104,92.0,Retrieving UAV 3,UAV Recovery
1.0,Truck,Truck is stationary with no UAVs on board,11295.1207104,92.0,11325.1207104,92.0,Retrieving UAV 2,UAV Recovery
1.0,Truck,Truck is stationary with no UAVs on board,11325.1207104,92.0,11355.1207104,92.0,Dropping off package to Customer 92,Making Delivery
1.0,Truck,Truck travels with UAV(s) on board,11355.1207104,92.0,11525.0649674,9.0,Travel from node 92 to node 9,Traveling
1.0,Truck,Truck is stationary with UAV(s) on board,11525.0649674,9.0,11555.0649674,9.0,Dropping off package to Customer 9,Making Delivery
1.0,Truck,Truck is stationary with UAV(s) on board,11555.0649674,9.0,11615.0649674,9.0,Launching UAV 3,UAV Launch
1.0,Truck,Truck is stationary with UAV(s) on board,11615.0649674,9.0,11675.0649674,9.0,Launching UAV 2,UAV Launch
1.0,Truck,Truck travels with no UAVs on board,11675.0649674,9.0,12135.2955624,69.0,Travel from node 9 to node 69,Traveling
1.0,Truck,Truck is stationary with no UAVs on board,12135.2955624,69.0,12165.2955624,69.0,Retrieving UAV 2,UAV Recovery
1.0,Truck,Truck is stationary with no UAVs on board,12165.2955624,69.0,12195.2955624,69.0,Dropping off package to Customer 69,Making Delivery
1.0,Truck,Truck is stationary with no UAVs on board,12195.2955624,69.0,12255.2955624,69.0,Launching UAV 2,UAV Launch
1.0,Truck,Truck is stationary with no UAVs on board,12255.2955624,69.0,12285.2955624,69.0,Retrieving UAV 3,UAV Recovery
1.0,Truck,Truck is stationary with no UAVs on board,12285.2955624,69.0,12345.2955624,69.0,Launching UAV 3,UAV Launch
1.0,Truck,Truck travels with no UAVs on board,12345.2955624,69.0,12616.3204184,68.0,Travel from node 69 to node 68,Traveling
1.0,Truck,Truck is stationary with no UAVs on board,12616.3204184,68.0,12646.3204184,68.0,Retrieving UAV 2,UAV Recovery
1.0,Truck,Truck is stationary with no UAVs on board,12646.3204184,68.0,12676.3204184,68.0,Dropping off package to Customer 68,Making Delivery
1.0,Truck,Truck is stationary with no UAVs on board,12676.3204184,68.0,12736.3204184,68.0,Launching UAV 2,UAV Launch
1.0,Truck,Truck travels with no UAVs on board,12736.3204184,68.0,12921.4453124,27.0,Travel from node 68 to node 27,Traveling
1.0,Truck,Truck is stationary with no UAVs on board,12921.4453124,27.0,12951.4453124,27.0,Dropping off package to Customer 27,Making Delivery
1.0,Truck,Truck travels with no UAVs on board,12951.4453124,27.0,12961.8510474,51.0,Travel from node 27 to node 51,Traveling
1.0,Truck,Truck is stationary with no UAVs on board,12961.8510474,51.0,12991.8510474,51.0,Retrieving UAV 3,UAV Recovery
1.0,Truck,Truck is stationary with no UAVs on board,12991.8510474,51.0,13021.8510474,51.0,Dropping off package to Customer 51,Making Delivery
1.0,Truck,Truck is stationary with no UAVs on board,13021.8510474,51.0,13081.8510474,51.0,Launching UAV 3,UAV Launch
1.0,Truck,Truck travels with no UAVs on board,13081.8510474,51.0,13214.0983684,78.0,Travel from node 51 to node 78,Traveling
1.0,Truck,Truck is stationary with no UAVs on board,13214.0983684,78.0,13244.0983684,78.0,Dropping off package to Customer 78,Making Delivery
1.0,Truck,Truck is stationary with no UAVs on board,13244.0983684,78.0,13249.9789358,78.0,Idle for   6 seconds,Idle
1.0,Truck,Truck is stationary with no UAVs on board,13249.9789358,78.0,13279.9789358,78.0,Retrieving UAV 3,UAV Recovery
1.0,Truck,Truck is stationary with no UAVs on board,13279.9789358,78.0,13309.9789358,78.0,Retrieving UAV 2,UAV Recovery
1.0,Truck,Truck is stationary with no UAVs on board,13309.9789358,78.0,13369.9789358,78.0,Launching UAV 2,UAV Launch
1.0,Truck,Truck is stationary with no UAVs on board,13369.9789358,78.0,13429.9789358,78.0,Launching UAV 3,UAV Launch
1.0,Truck,Truck travels with no UAVs on board,13429.9789358,78.0,14025.2137278,66.0,Travel from node 78 to node 66,Traveling
1.0,Truck,Truck is stationary with no UAVs on board,14025.2137278,66.0,14055.2137278,66.0,Retrieving UAV 3,UAV Recovery
1.0,Truck,Truck is stationary with no UAVs on board,14055.2137278,66.0,14085.2137278,66.0,Retrieving UAV 2,UAV Recovery
1.0,Truck,Truck is stationary with no UAVs on board,14085.2137278,66.0,14115.2137278,66.0,Dropping off package to Customer 66,Making Delivery
1.0,Truck,Truck is stationary with no UAVs on board,14115.2137278,66.0,14175.2137278,66.0,Launching UAV 3,UAV Launch
1.0,Truck,Truck is stationary with no UAVs on board,14175.2137278,66.0,14235.2137278,66.0,Launching UAV 2,UAV Launch
1.0,Truck,Truck travels with no UAVs on board,14235.2137278,66.0,14672.5388848,60.0,Travel from node 66 to node 60,Traveling
1.0,Truck,Truck is stationary with no UAVs on board,14672.5388848,60.0,14702.5388848,60.0,Retrieving UAV 2,UAV Recovery
1.0,Truck,Truck is stationary with no UAVs on board,14702.5388848,60.0,14732.5388848,60.0,Dropping off package to Customer 60,Making Delivery
1.0,Truck,Truck is stationary with no UAVs on board,14732.5388848,60.0,14762.5388848,60.0,Retrieving UAV 3,UAV Recovery
1.0,Truck,Truck travels with UAV(s) on board,14762.5388848,60.0,14853.9127758,18.0,Travel from node 60 to node 18,Traveling
1.0,Truck,Truck is stationary with UAV(s) on board,14853.9127758,18.0,14883.9127758,18.0,Dropping off package to Customer 18,Making Delivery
1.0,Truck,Truck travels with UAV(s) on board,14883.9127758,18.0,14970.0607898,17.0,Travel from node 18 to node 17,Traveling
1.0,Truck,Truck is stationary with UAV(s) on board,14970.0607898,17.0,15000.0607898,17.0,Dropping off package to Customer 17,Making Delivery
1.0,Truck,Truck travels with UAV(s) on board,15000.0607898,17.0,15053.1791518,47.0,Travel from node 17 to node 47,Traveling
1.0,Truck,Truck is stationary with UAV(s) on board,15053.1791518,47.0,15083.1791518,47.0,Dropping off package to Customer 47,Making Delivery
1.0,Truck,Truck is stationary with UAV(s) on board,15083.1791518,47.0,15143.1791518,47.0,Launching UAV 3,UAV Launch
1.0,Truck,Truck is stationary with UAV(s) on board,15143.1791518,47.0,15203.1791518,47.0,Launching UAV 2,UAV Launch
1.0,Truck,Truck travels with no UAVs on board,15203.1791518,47.0,15509.9922658,93.0,Travel from node 47 to node 93,Traveling
1.0,Truck,Truck is stationary with no UAVs on board,15509.9922658,93.0,15539.9922658,93.0,Retrieving UAV 2,UAV Recovery
1.0,Truck,Truck is stationary with no UAVs on board,15539.9922658,93.0,15569.9922658,93.0,Retrieving UAV 3,UAV Recovery
1.0,Truck,Truck is stationary with no UAVs on board,15569.9922658,93.0,15599.9922658,93.0,Dropping off package to Customer 93,Making Delivery
1.0,Truck,Truck is stationary with no UAVs on board,15599.9922658,93.0,15659.9922658,93.0,Launching UAV 2,UAV Launch
1.0,Truck,Truck is stationary with no UAVs on board,15659.9922658,93.0,15719.9922658,93.0,Launching UAV 3,UAV Launch
1.0,Truck,Truck travels with no UAVs on board,15719.9922658,93.0,15913.8864048,53.0,Travel from node 93 to node 53,Traveling
1.0,Truck,Truck is stationary with no UAVs on board,15913.8864048,53.0,15943.8864048,53.0,Dropping off package to Customer 53,Making Delivery
1.0,Truck,Truck travels with no UAVs on board,15943.8864048,53.0,16015.1522558,15.0,Travel from node 53 to node 15,Traveling
1.0,Truck,Truck is stationary with no UAVs on board,16015.1522558,15.0,16045.1522558,15.0,Retrieving UAV 2,UAV Recovery
1.0,Truck,Truck is stationary with no UAVs on board,16045.1522558,15.0,16075.1522558,15.0,Retrieving UAV 3,UAV Recovery
1.0,Truck,Truck is stationary with no UAVs on board,16075.1522558,15.0,16105.1522558,15.0,Dropping off package to Customer 15,Making Delivery
1.0,Truck,Truck travels with UAV(s) on board,16105.1522558,15.0,16168.7859868,5.0,Travel from node 15 to node 5,Traveling
1.0,Truck,Truck is stationary with UAV(s) on board,16168.7859868,5.0,16198.7859868,5.0,Dropping off package to Customer 5,Making Delivery
1.0,Truck,Truck travels with UAV(s) on board,16198.7859868,5.0,16289.2664228,97.0,Travel from node 5 to node 97,Traveling
1.0,Truck,Truck is stationary with UAV(s) on board,16289.2664228,97.0,16319.2664228,97.0,Dropping off package to Customer 97,Making Delivery
1.0,Truck,Truck travels with UAV(s) on board,16319.2664228,97.0,16377.4735248,45.0,Travel from node 97 to node 45,Traveling
1.0,Truck,Truck is stationary with UAV(s) on board,16377.4735248,45.0,16407.4735248,45.0,Dropping off package to Customer 45,Making Delivery
1.0,Truck,Truck is stationary with UAV(s) on board,16407.4735248,45.0,16467.4735248,45.0,Launching UAV 3,UAV Launch
1.0,Truck,Truck travels with UAV(s) on board,16467.4735248,45.0,16555.2948988,40.0,Travel from node 45 to node 40,Traveling
1.0,Truck,Truck is stationary with UAV(s) on board,16555.2948988,40.0,16585.2948988,40.0,Dropping off package to Customer 40,Making Delivery
1.0,Truck,Truck is stationary with UAV(s) on board,16585.2948988,40.0,16645.2948988,40.0,Launching UAV 2,UAV Launch
1.0,Truck,Truck is stationary with UAV(s) on board,16645.2948988,40.0,16650.5988754,40.0,Idle for   5 seconds,Idle
1.0,Truck,Truck is stationary with UAV(s) on board,16650.5988754,40.0,16680.5988754,40.0,Retrieving UAV 3,UAV Recovery
1.0,Truck,Truck is stationary with UAV(s) on board,16680.5988754,40.0,16740.5988754,40.0,Launching UAV 3,UAV Launch
1.0,Truck,Truck travels with no UAVs on board,16740.5988754,40.0,17036.8883954,101.0,Travel from node 40 to node 101,Traveling
1.0,Truck,Truck is stationary with no UAVs on board,17036.8883954,101.0,17066.8883954,101.0,Retrieving UAV 3,UAV Recovery
1.0,Truck,Truck is stationary with no UAVs on board,17066.8883954,101.0,17098.9583255,101.0,Idle for  32 seconds,Idle
1.0,Truck,Truck is stationary with no UAVs on board,17098.9583255,101.0,17128.9583255,101.0,Retrieving UAV 2,UAV Recovery
1.0,Truck,Truck is stationary with no UAVs on board,17128.9583255,101.0,-1.0,101.0,At the Depot.  Total Time = 4:45:28,Vehicle Tasks Complete
2.0,UAV,UAV is stationary with a parcel,0.0,0.0,60.0,0.0,Prepare to launch from truck,UAV Launch
2.0,UAV,UAV taking off or landing with a parcel,60.0,0.0,65.5,0.0,Takeoff from Depot,Traveling
2.0,UAV,UAV travels with parcel,65.5,0.0,184.248095785,91.0,Fly to UAV customer 91,Traveling
2.0,UAV,UAV taking off or landing with a parcel,184.248095785,91.0,194.248095785,91.0,Land at UAV customer 91,Traveling
2.0,UAV,UAV is stationary with a parcel,194.248095785,91.0,254.248095785,91.0,Serving UAV customer 91,Making Delivery
2.0,UAV,UAV taking off or landing with no parcels,254.248095785,91.0,259.748095785,91.0,Takeoff from UAV customer 91,Traveling
2.0,UAV,UAV travels empty,259.748095785,91.0,436.62777752,7.0,Fly to truck at customer 7,Traveling
2.0,UAV,UAV is stationary without a parcel,436.62777752,7.0,549.099388,7.0,Idle above rendezvous location (customer 7),Idle
2.0,UAV,UAV taking off or landing with no parcels,549.099388,7.0,559.099388,7.0,Land at truck rendezvous location (customer 7),Traveling
2.0,UAV,UAV is stationary without a parcel,559.099388,7.0,589.099388,7.0,Recovered by truck at customer 7,UAV Recovery
2.0,UAV,UAV is stationary with a parcel,1271.281729,3.0,1331.281729,3.0,Prepare to launch from truck,UAV Launch
2.0,UAV,UAV taking off or landing with a parcel,1331.281729,3.0,1336.781729,3.0,Takeoff from truck at Customer 3,Traveling
2.0,UAV,UAV travels with parcel,1336.781729,3.0,1386.57289451,16.0,Fly to UAV customer 16,Traveling
2.0,UAV,UAV taking off or landing with a parcel,1386.57289451,16.0,1396.57289451,16.0,Land at UAV customer 16,Traveling
2.0,UAV,UAV is stationary with a parcel,1396.57289451,16.0,1456.57289451,16.0,Serving UAV customer 16,Making Delivery
2.0,UAV,UAV taking off or landing with no parcels,1456.57289451,16.0,1462.07289451,16.0,Takeoff from UAV customer 16,Traveling
2.0,UAV,UAV travels empty,1462.07289451,16.0,1637.67454979,52.0,Fly to truck at customer 52,Traveling
2.0,UAV,UAV is stationary without a parcel,1637.67454979,52.0,1719.591104,52.0,Idle above rendezvous location (customer 52),Idle
2.0,UAV,UAV taking off or landing with no parcels,1719.591104,52.0,1729.591104,52.0,Land at truck rendezvous location (customer 52),Traveling
2.0,UAV,UAV is stationary without a parcel,1729.591104,52.0,1759.591104,52.0,Recovered by truck at customer 52,UAV Recovery
2.0,UAV,UAV is stationary with a parcel,1789.591104,52.0,1849.591104,52.0,Prepare to launch from truck,UAV Launch
2.0,UAV,UAV taking off or landing with a parcel,1849.591104,52.0,1855.091104,52.0,Takeoff from truck at Customer 52,Traveling
2.0,UAV,UAV travels with parcel,1855.091104,52.0,2013.5299564,22.0,Fly to UAV customer 22,Traveling
2.0,UAV,UAV taking off or landing with a parcel,2013.5299564,22.0,2023.5299564,22.0,Land at UAV customer 22,Traveling
2.0,UAV,UAV is stationary with a parcel,2023.5299564,22.0,2083.5299564,22.0,Serving UAV customer 22,Making Delivery
2.0,UAV,UAV taking off or landing with no parcels,2083.5299564,22.0,2089.0299564,22.0,Takeoff from UAV customer 22,Traveling
2.0,UAV,UAV travels empty,2089.0299564,22.0,2155.48935967,83.0,Fly to truck at customer 83,Traveling
2.0,UAV,UAV is stationary without a parcel,2155.48935967,83.0,2360.682947,83.0,Idle above rendezvous location (customer 83),Idle
2.0,UAV,UAV taking off or landing with no parcels,2360.682947,83.0,2370.682947,83.0,Land at truck rendezvous location (customer 83),Traveling
2.0,UAV,UAV is stationary without a parcel,2370.682947,83.0,2400.682947,83.0,Recovered by truck at customer 83,UAV Recovery
2.0,UAV,UAV is stationary with a parcel,2430.682947,83.0,2490.682947,83.0,Prepare to launch from truck,UAV Launch
2.0,UAV,UAV taking off or landing with a parcel,2490.682947,83.0,2496.182947,83.0,Takeoff from truck at Customer 83,Traveling
2.0,UAV,UAV travels with parcel,2496.182947,83.0,2631.26558648,89.0,Fly to UAV customer 89,Traveling
2.0,UAV,UAV taking off or landing with a parcel,2631.26558648,89.0,2641.26558648,89.0,Land at UAV customer 89,Traveling
2.0,UAV,UAV is stationary with a parcel,2641.26558648,89.0,2701.26558648,89.0,Serving UAV customer 89,Making Delivery
2.0,UAV,UAV taking off or landing with no parcels,2701.26558648,89.0,2706.76558648,89.0,Takeoff from UAV customer 89,Traveling
2.0,UAV,UAV travels empty,2706.76558648,89.0,2905.84294943,13.0,Fly to truck at customer 13,Traveling
2.0,UAV,UAV is stationary without a parcel,2905.84294943,13.0,2917.847171,13.0,Idle above rendezvous location (customer 13),Idle
2.0,UAV,UAV taking off or landing with no parcels,2917.847171,13.0,2927.847171,13.0,Land at truck rendezvous location (customer 13),Traveling
2.0,UAV,UAV is stationary without a parcel,2927.847171,13.0,2957.847171,13.0,Recovered by truck at customer 13,UAV Recovery
2.0,UAV,UAV is stationary with a parcel,2957.847171,13.0,3017.847171,13.0,Prepare to launch from truck,UAV Launch
2.0,UAV,UAV taking off or landing with a parcel,3017.847171,13.0,3023.347171,13.0,Takeoff from truck at Customer 13,Traveling
2.0,UAV,UAV travels with parcel,3023.347171,13.0,3143.04800035,86.0,Fly to UAV customer 86,Traveling
2.0,UAV,UAV taking off or landing with a parcel,3143.04800035,86.0,3153.04800035,86.0,Land at UAV customer 86,Traveling
2.0,UAV,UAV is stationary with a parcel,3153.04800035,86.0,3213.04800035,86.0,Serving UAV customer 86,Making Delivery
2.0,UAV,UAV taking off or landing with no parcels,3213.04800035,86.0,3218.54800035,86.0,Takeoff from UAV customer 86,Traveling
2.0,UAV,UAV travels empty,3218.54800035,86.0,3273.706588,19.0,Fly to truck at customer 19,Traveling
2.0,UAV,UAV taking off or landing with no parcels,3273.706588,19.0,3283.706588,19.0,Land at truck rendezvous location (customer 19),Traveling
2.0,UAV,UAV is stationary without a parcel,3283.706588,19.0,3313.706588,19.0,Recovered by truck at customer 19,UAV Recovery
2.0,UAV,UAV is stationary with a parcel,3313.706588,19.0,3373.706588,19.0,Prepare to launch from truck,UAV Launch
2.0,UAV,UAV taking off or landing with a parcel,3373.706588,19.0,3379.206588,19.0,Takeoff from truck at Customer 19,Traveling
2.0,UAV,UAV travels with parcel,3379.206588,19.0,3487.68918215,95.0,Fly to UAV customer 95,Traveling
2.0,UAV,UAV taking off or landing with a parcel,3487.68918215,95.0,3497.68918215,95.0,Land at UAV customer 95,Traveling
2.0,UAV,UAV is stationary with a parcel,3497.68918215,95.0,3557.68918215,95.0,Serving UAV customer 95,Making Delivery
2.0,UAV,UAV taking off or landing with no parcels,3557.68918215,95.0,3563.18918215,95.0,Takeoff from UAV customer 95,Traveling
2.0,UAV,UAV travels empty,3563.18918215,95.0,3637.50626176,96.0,Fly to truck at customer 96,Traveling
2.0,UAV,UAV is stationary without a parcel,3637.50626176,96.0,3662.51921,96.0,Idle above rendezvous location (customer 96),Idle
2.0,UAV,UAV taking off or landing with no parcels,3662.51921,96.0,3672.51921,96.0,Land at truck rendezvous location (customer 96),Traveling
2.0,UAV,UAV is stationary without a parcel,3672.51921,96.0,3702.51921,96.0,Recovered by truck at customer 96,UAV Recovery
2.0,UAV,UAV is stationary with a parcel,3702.51921,96.0,3762.51921,96.0,Prepare to launch from truck,UAV Launch
2.0,UAV,UAV taking off or landing with a parcel,3762.51921,96.0,3768.01921,96.0,Takeoff from truck at Customer 96,Traveling
2.0,UAV,UAV travels with parcel,3768.01921,96.0,3874.48913114,75.0,Fly to UAV customer 75,Traveling
2.0,UAV,UAV taking off or landing with a parcel,3874.48913114,75.0,3884.48913114,75.0,Land at UAV customer 75,Traveling
2.0,UAV,UAV is stationary with a parcel,3884.48913114,75.0,3944.48913114,75.0,Serving UAV customer 75,Making Delivery
2.0,UAV,UAV taking off or landing with no parcels,3944.48913114,75.0,3949.98913114,75.0,Takeoff from UAV customer 75,Traveling
2.0,UAV,UAV travels empty,3949.98913114,75.0,4031.71484539,59.0,Fly to truck at customer 59,Traveling
2.0,UAV,UAV taking off or landing with no parcels,4031.71484539,59.0,4041.71484539,59.0,Land at truck rendezvous location (customer 59),Traveling
2.0,UAV,UAV is stationary without a parcel,4041.71484539,59.0,4071.71484539,59.0,Recovered by truck at customer 59,UAV Recovery
2.0,UAV,UAV is stationary with a parcel,4071.71484539,59.0,4131.71484539,59.0,Prepare to launch from truck,UAV Launch
2.0,UAV,UAV taking off or landing with a parcel,4131.71484539,59.0,4137.21484539,59.0,Takeoff from truck at Customer 59,Traveling
2.0,UAV,UAV travels with parcel,4137.21484539,59.0,4307.65064821,87.0,Fly to UAV customer 87,Traveling
2.0,UAV,UAV taking off or landing with a parcel,4307.65064821,87.0,4317.65064821,87.0,Land at UAV customer 87,Traveling
2.0,UAV,UAV is stationary with a parcel,4317.65064821,87.0,4377.65064821,87.0,Serving UAV customer 87,Making Delivery
2.0,UAV,UAV taking off or landing with no parcels,4377.65064821,87.0,4383.15064821,87.0,Takeoff from UAV customer 87,Traveling
2.0,UAV,UAV travels empty,4383.15064821,87.0,4515.01788503,34.0,Fly to truck at customer 34,Traveling
2.0,UAV,UAV is stationary without a parcel,4515.01788503,34.0,4606.71367039,34.0,Idle above rendezvous location (customer 34),Idle
2.0,UAV,UAV taking off or landing with no parcels,4606.71367039,34.0,4616.71367039,34.0,Land at truck rendezvous location (customer 34),Traveling
2.0,UAV,UAV is stationary without a parcel,4616.71367039,34.0,4646.71367039,34.0,Recovered by truck at customer 34,UAV Recovery
2.0,UAV,UAV is stationary with a parcel,4706.71367039,34.0,4766.71367039,34.0,Prepare to launch from truck,UAV Launch
2.0,UAV,UAV taking off or landing with a parcel,4766.71367039,34.0,4772.21367039,34.0,Takeoff from truck at Customer 34,Traveling
2.0,UAV,UAV travels with parcel,4772.21367039,34.0,4856.46396697,32.0,Fly to UAV customer 32,Traveling
2.0,UAV,UAV taking off or landing with a parcel,4856.46396697,32.0,4866.46396697,32.0,Land at UAV customer 32,Traveling
2.0,UAV,UAV is stationary with a parcel,4866.46396697,32.0,4926.46396697,32.0,Serving UAV customer 32,Making Delivery
2.0,UAV,UAV taking off or landing with no parcels,4926.46396697,32.0,4931.96396697,32.0,Takeoff from UAV customer 32,Traveling
2.0,UAV,UAV travels empty,4931.96396697,32.0,5016.05486498,77.0,Fly to truck at customer 77,Traveling
2.0,UAV,UAV is stationary without a parcel,5016.05486498,77.0,5026.32931539,77.0,Idle above rendezvous location (customer 77),Idle
2.0,UAV,UAV taking off or landing with no parcels,5026.32931539,77.0,5036.32931539,77.0,Land at truck rendezvous location (customer 77),Traveling
2.0,UAV,UAV is stationary without a parcel,5036.32931539,77.0,5066.32931539,77.0,Recovered by truck at customer 77,UAV Recovery
2.0,UAV,UAV is stationary with a parcel,5126.32931539,77.0,5186.32931539,77.0,Prepare to launch from truck,UAV Launch
2.0,UAV,UAV taking off or landing with a parcel,5186.32931539,77.0,5191.82931539,77.0,Takeoff from truck at Customer 77,Traveling
2.0,UAV,UAV travels with parcel,5191.82931539,77.0,5265.83895939,48.0,Fly to UAV customer 48,Traveling
2.0,UAV,UAV taking off or landing with a parcel,5265.83895939,48.0,5275.83895939,48.0,Land at UAV customer 48,Traveling
2.0,UAV,UAV is stationary with a parcel,5275.83895939,48.0,5335.83895939,48.0,Serving UAV customer 48,Making Delivery
2.0,UAV,UAV taking off or landing with no parcels,5335.83895939,48.0,5341.33895939,48.0,Takeoff from UAV customer 48,Traveling
2.0,UAV,UAV travels empty,5341.33895939,48.0,5467.12405761,43.0,Fly to truck at customer 43,Traveling
2.0,UAV,UAV is stationary without a parcel,5467.12405761,43.0,5518.25833539,43.0,Idle above rendezvous location (customer 43),Idle
2.0,UAV,UAV taking off or landing with no parcels,5518.25833539,43.0,5528.25833539,43.0,Land at truck rendezvous location (customer 43),Traveling
2.0,UAV,UAV is stationary without a parcel,5528.25833539,43.0,5558.25833539,43.0,Recovered by truck at customer 43,UAV Recovery
2.0,UAV,UAV is stationary with a parcel,5832.04943839,30.0,5892.04943839,30.0,Prepare to launch from truck,UAV Launch
2.0,UAV,UAV taking off or landing with a parcel,5892.04943839,30.0,5897.54943839,30.0,Takeoff from truck at Customer 30,Traveling
2.0,UAV,UAV travels with parcel,5897.54943839,30.0,6013.92685531,64.0,Fly to UAV customer 64,Traveling
2.0,UAV,UAV taking off or landing with a parcel,6013.92685531,64.0,6023.92685531,64.0,Land at UAV customer 64,Traveling
2.0,UAV,UAV is stationary with a parcel,6023.92685531,64.0,6083.92685531,64.0,Serving UAV customer 64,Making Delivery
2.0,UAV,UAV taking off or landing with no parcels,6083.92685531,64.0,6089.42685531,64.0,Takeoff from UAV customer 64,Traveling
2.0,UAV,UAV travels empty,6089.42685531,64.0,6430.89918433,8.0,Fly to truck at customer 8,Traveling
2.0,UAV,UAV is stationary without a parcel,6430.89918433,8.0,6868.08600039,8.0,Idle above rendezvous location (customer 8),Idle
2.0,UAV,UAV taking off or landing with no parcels,6868.08600039,8.0,6878.08600039,8.0,Land at truck rendezvous location (customer 8),Traveling
2.0,UAV,UAV is stationary without a parcel,6878.08600039,8.0,6908.08600039,8.0,Recovered by truck at customer 8,UAV Recovery
2.0,UAV,UAV is stationary with a parcel,6938.08600039,8.0,6998.08600039,8.0,Prepare to launch from truck,UAV Launch
2.0,UAV,UAV taking off or landing with a parcel,6998.08600039,8.0,7003.58600039,8.0,Takeoff from truck at Customer 8,Traveling
2.0,UAV,UAV travels with parcel,7003.58600039,8.0,7046.15470709,72.0,Fly to UAV customer 72,Traveling
2.0,UAV,UAV taking off or landing with a parcel,7046.15470709,72.0,7056.15470709,72.0,Land at UAV customer 72,Traveling
2.0,UAV,UAV is stationary with a parcel,7056.15470709,72.0,7116.15470709,72.0,Serving UAV customer 72,Making Delivery
2.0,UAV,UAV taking off or landing with no parcels,7116.15470709,72.0,7121.65470709,72.0,Takeoff from UAV customer 72,Traveling
2.0,UAV,UAV travels empty,7121.65470709,72.0,7174.59631739,37.0,Fly to truck at customer 37,Traveling
2.0,UAV,UAV taking off or landing with no parcels,7174.59631739,37.0,7184.59631739,37.0,Land at truck rendezvous location (customer 37),Traveling
2.0,UAV,UAV is stationary without a parcel,7184.59631739,37.0,7214.59631739,37.0,Recovered by truck at customer 37,UAV Recovery
2.0,UAV,UAV is stationary with a parcel,7214.59631739,37.0,7274.59631739,37.0,Prepare to launch from truck,UAV Launch
2.0,UAV,UAV taking off or landing with a parcel,7274.59631739,37.0,7280.09631739,37.0,Takeoff from truck at Customer 37,Traveling
2.0,UAV,UAV travels with parcel,7280.09631739,37.0,7416.74257553,41.0,Fly to UAV customer 41,Traveling
2.0,UAV,UAV taking off or landing with a parcel,7416.74257553,41.0,7426.74257553,41.0,Land at UAV customer 41,Traveling
2.0,UAV,UAV is stationary with a parcel,7426.74257553,41.0,7486.74257553,41.0,Serving UAV customer 41,Making Delivery
2.0,UAV,UAV taking off or landing with no parcels,7486.74257553,41.0,7492.24257553,41.0,Takeoff from UAV customer 41,Traveling
2.0,UAV,UAV travels empty,7492.24257553,41.0,7661.77597339,85.0,Fly to truck at customer 85,Traveling
2.0,UAV,UAV taking off or landing with no parcels,7661.77597339,85.0,7671.77597339,85.0,Land at truck rendezvous location (customer 85),Traveling
2.0,UAV,UAV is stationary without a parcel,7671.77597339,85.0,7701.77597339,85.0,Recovered by truck at customer 85,UAV Recovery
2.0,UAV,UAV is stationary with a parcel,7701.77597339,85.0,7761.77597339,85.0,Prepare to launch from truck,UAV Launch
2.0,UAV,UAV taking off or landing with a parcel,7761.77597339,85.0,7767.27597339,85.0,Takeoff from truck at Customer 85,Traveling
2.0,UAV,UAV travels with parcel,7767.27597339,85.0,7881.86415053,84.0,Fly to UAV customer 84,Traveling
2.0,UAV,UAV taking off or landing with a parcel,7881.86415053,84.0,7891.86415053,84.0,Land at UAV customer 84,Traveling
2.0,UAV,UAV is stationary with a parcel,7891.86415053,84.0,7951.86415053,84.0,Serving UAV customer 84,Making Delivery
2.0,UAV,UAV taking off or landing with no parcels,7951.86415053,84.0,7957.36415053,84.0,Takeoff from UAV customer 84,Traveling
2.0,UAV,UAV travels empty,7957.36415053,84.0,8238.09840788,88.0,Fly to truck at customer 88,Traveling
2.0,UAV,UAV is stationary without a parcel,8238.09840788,88.0,8240.51938335,88.0,Idle above rendezvous location (customer 88),Idle
2.0,UAV,UAV taking off or landing with no parcels,8240.51938335,88.0,8250.51938335,88.0,Land at truck rendezvous location (customer 88),Traveling
2.0,UAV,UAV is stationary without a parcel,8250.51938335,88.0,8280.51938335,88.0,Recovered by truck at customer 88,UAV Recovery
2.0,UAV,UAV is stationary with a parcel,8400.51938335,88.0,8460.51938335,88.0,Prepare to launch from truck,UAV Launch
2.0,UAV,UAV taking off or landing with a parcel,8460.51938335,88.0,8466.01938335,88.0,Takeoff from truck at Customer 88,Traveling
2.0,UAV,UAV travels with parcel,8466.01938335,88.0,8541.25703214,90.0,Fly to UAV customer 90,Traveling
2.0,UAV,UAV taking off or landing with a parcel,8541.25703214,90.0,8551.25703214,90.0,Land at UAV customer 90,Traveling
2.0,UAV,UAV is stationary with a parcel,8551.25703214,90.0,8611.25703214,90.0,Serving UAV customer 90,Making Delivery
2.0,UAV,UAV taking off or landing with no parcels,8611.25703214,90.0,8616.75703214,90.0,Takeoff from UAV customer 90,Traveling
2.0,UAV,UAV travels empty,8616.75703214,90.0,8697.95054087,20.0,Fly to truck at customer 20,Traveling
2.0,UAV,UAV is stationary without a parcel,8697.95054087,20.0,8859.37012335,20.0,Idle above rendezvous location (customer 20),Idle
2.0,UAV,UAV taking off or landing with no parcels,8859.37012335,20.0,8869.37012335,20.0,Land at truck rendezvous location (customer 20),Traveling
2.0,UAV,UAV is stationary without a parcel,8869.37012335,20.0,8899.37012335,20.0,Recovered by truck at customer 20,UAV Recovery
2.0,UAV,UAV is stationary with a parcel,9019.37012335,20.0,9079.37012335,20.0,Prepare to launch from truck,UAV Launch
2.0,UAV,UAV taking off or landing with a parcel,9079.37012335,20.0,9084.87012335,20.0,Takeoff from truck at Customer 20,Traveling
2.0,UAV,UAV travels with parcel,9084.87012335,20.0,9167.9516089,67.0,Fly to UAV customer 67,Traveling
2.0,UAV,UAV taking off or landing with a parcel,9167.9516089,67.0,9177.9516089,67.0,Land at UAV customer 67,Traveling
2.0,UAV,UAV is stationary with a parcel,9177.9516089,67.0,9237.9516089,67.0,Serving UAV customer 67,Making Delivery
2.0,UAV,UAV taking off or landing with no parcels,9237.9516089,67.0,9243.4516089,67.0,Takeoff from UAV customer 67,Traveling
2.0,UAV,UAV travels empty,9243.4516089,67.0,9288.18453033,71.0,Fly to truck at customer 71,Traveling
2.0,UAV,UAV is stationary without a parcel,9288.18453033,71.0,9299.21010535,71.0,Idle above rendezvous location (customer 71),Idle
2.0,UAV,UAV taking off or landing with no parcels,9299.21010535,71.0,9309.21010535,71.0,Land at truck rendezvous location (customer 71),Traveling
2.0,UAV,UAV is stationary without a parcel,9309.21010535,71.0,9339.21010535,71.0,Recovered by truck at customer 71,UAV Recovery
2.0,UAV,UAV is stationary with a parcel,10367.6399154,21.0,10427.6399154,21.0,Prepare to launch from truck,UAV Launch
2.0,UAV,UAV taking off or landing with a parcel,10427.6399154,21.0,10433.1399154,21.0,Takeoff from truck at Customer 21,Traveling
2.0,UAV,UAV travels with parcel,10433.1399154,21.0,10660.3129379,50.0,Fly to UAV customer 50,Traveling
2.0,UAV,UAV taking off or landing with a parcel,10660.3129379,50.0,10670.3129379,50.0,Land at UAV customer 50,Traveling
2.0,UAV,UAV is stationary with a parcel,10670.3129379,50.0,10730.3129379,50.0,Serving UAV customer 50,Making Delivery
2.0,UAV,UAV taking off or landing with no parcels,10730.3129379,50.0,10735.8129379,50.0,Takeoff from UAV customer 50,Traveling
2.0,UAV,UAV travels empty,10735.8129379,50.0,11140.7553949,92.0,Fly to truck at customer 92,Traveling
2.0,UAV,UAV is stationary without a parcel,11140.7553949,92.0,11285.1207104,92.0,Idle above rendezvous location (customer 92),Idle
2.0,UAV,UAV taking off or landing with no parcels,11285.1207104,92.0,11295.1207104,92.0,Land at truck rendezvous location (customer 92),Traveling
2.0,UAV,UAV is stationary without a parcel,11295.1207104,92.0,11325.1207104,92.0,Recovered by truck at customer 92,UAV Recovery
2.0,UAV,UAV is stationary with a parcel,11615.0649674,9.0,11675.0649674,9.0,Prepare to launch from truck,UAV Launch
2.0,UAV,UAV taking off or landing with a parcel,11675.0649674,9.0,11680.5649674,9.0,Takeoff from truck at Customer 9,Traveling
2.0,UAV,UAV travels with parcel,11680.5649674,9.0,11925.4822279,76.0,Fly to UAV customer 76,Traveling
2.0,UAV,UAV taking off or landing with a parcel,11925.4822279,76.0,11935.4822279,76.0,Land at UAV customer 76,Traveling
2.0,UAV,UAV is stationary with a parcel,11935.4822279,76.0,11995.4822279,76.0,Serving UAV customer 76,Making Delivery
2.0,UAV,UAV taking off or landing with no parcels,11995.4822279,76.0,12000.9822279,76.0,Takeoff from UAV customer 76,Traveling
2.0,UAV,UAV travels empty,12000.9822279,76.0,12039.4176882,69.0,Fly to truck at customer 69,Traveling
2.0,UAV,UAV is stationary without a parcel,12039.4176882,69.0,12125.2955624,69.0,Idle above rendezvous location (customer 69),Idle
2.0,UAV,UAV taking off or landing with no parcels,12125.2955624,69.0,12135.2955624,69.0,Land at truck rendezvous location (customer 69),Traveling
2.0,UAV,UAV is stationary without a parcel,12135.2955624,69.0,12165.2955624,69.0,Recovered by truck at customer 69,UAV Recovery
2.0,UAV,UAV is stationary with a parcel,12195.2955624,69.0,12255.2955624,69.0,Prepare to launch from truck,UAV Launch
2.0,UAV,UAV taking off or landing with a parcel,12255.2955624,69.0,12260.7955624,69.0,Takeoff from truck at Customer 69,Traveling
2.0,UAV,UAV travels with parcel,12260.7955624,69.0,12348.0459641,73.0,Fly to UAV customer 73,Traveling
2.0,UAV,UAV taking off or landing with a parcel,12348.0459641,73.0,12358.0459641,73.0,Land at UAV customer 73,Traveling
2.0,UAV,UAV is stationary with a parcel,12358.0459641,73.0,12418.0459641,73.0,Serving UAV customer 73,Making Delivery
2.0,UAV,UAV taking off or landing with no parcels,12418.0459641,73.0,12423.5459641,73.0,Takeoff from UAV customer 73,Traveling
2.0,UAV,UAV travels empty,12423.5459641,73.0,12566.438539,68.0,Fly to truck at customer 68,Traveling
2.0,UAV,UAV is stationary without a parcel,12566.438539,68.0,12606.3204184,68.0,Idle above rendezvous location (customer 68),Idle
2.0,UAV,UAV taking off or landing with no parcels,12606.3204184,68.0,12616.3204184,68.0,Land at truck rendezvous location (customer 68),Traveling
2.0,UAV,UAV is stationary without a parcel,12616.3204184,68.0,12646.3204184,68.0,Recovered by truck at customer 68,UAV Recovery
2.0,UAV,UAV is stationary with a parcel,12676.3204184,68.0,12736.3204184,68.0,Prepare to launch from truck,UAV Launch
2.0,UAV,UAV taking off or landing with a parcel,12736.3204184,68.0,12741.8204184,68.0,Takeoff from truck at Customer 68,Traveling
2.0,UAV,UAV travels with parcel,12741.8204184,68.0,12920.2849361,82.0,Fly to UAV customer 82,Traveling
2.0,UAV,UAV taking off or landing with a parcel,12920.2849361,82.0,12930.2849361,82.0,Land at UAV customer 82,Traveling
2.0,UAV,UAV is stationary with a parcel,12930.2849361,82.0,12990.2849361,82.0,Serving UAV customer 82,Making Delivery
2.0,UAV,UAV taking off or landing with no parcels,12990.2849361,82.0,12995.7849361,82.0,Takeoff from UAV customer 82,Traveling
2.0,UAV,UAV travels empty,12995.7849361,82.0,13269.9789358,78.0,Fly to truck at customer 78,Traveling
2.0,UAV,UAV taking off or landing with no parcels,13269.9789358,78.0,13279.9789358,78.0,Land at truck rendezvous location (customer 78),Traveling
2.0,UAV,UAV is stationary without a parcel,13279.9789358,78.0,13309.9789358,78.0,Recovered by truck at customer 78,UAV Recovery
2.0,UAV,UAV is stationary with a parcel,13309.9789358,78.0,13369.9789358,78.0,Prepare to launch from truck,UAV Launch
2.0,UAV,UAV taking off or landing with a parcel,13369.9789358,78.0,13375.4789358,78.0,Takeoff from truck at Customer 78,Traveling
2.0,UAV,UAV travels with parcel,13375.4789358,78.0,13512.8063758,99.0,Fly to UAV customer 99,Traveling
2.0,UAV,UAV taking off or landing with a parcel,13512.8063758,99.0,13522.8063758,99.0,Land at UAV customer 99,Traveling
2.0,UAV,UAV is stationary with a parcel,13522.8063758,99.0,13582.8063758,99.0,Serving UAV customer 99,Making Delivery
2.0,UAV,UAV taking off or landing with no parcels,13582.8063758,99.0,13588.3063758,99.0,Takeoff from UAV customer 99,Traveling
2.0,UAV,UAV travels empty,13588.3063758,99.0,13911.0196972,66.0,Fly to truck at customer 66,Traveling
2.0,UAV,UAV is stationary without a parcel,13911.0196972,66.0,14045.2137278,66.0,Idle above rendezvous location (customer 66),Idle
2.0,UAV,UAV taking off or landing with no parcels,14045.2137278,66.0,14055.2137278,66.0,Land at truck rendezvous location (customer 66),Traveling
2.0,UAV,UAV is stationary without a parcel,14055.2137278,66.0,14085.2137278,66.0,Recovered by truck at customer 66,UAV Recovery
2.0,UAV,UAV is stationary with a parcel,14175.2137278,66.0,14235.2137278,66.0,Prepare to launch from truck,UAV Launch
2.0,UAV,UAV taking off or landing with a parcel,14235.2137278,66.0,14240.7137278,66.0,Takeoff from truck at Customer 66,Traveling
2.0,UAV,UAV travels with parcel,14240.7137278,66.0,14361.3482432,25.0,Fly to UAV customer 25,Traveling
2.0,UAV,UAV taking off or landing with a parcel,14361.3482432,25.0,14371.3482432,25.0,Land at UAV customer 25,Traveling
2.0,UAV,UAV is stationary with a parcel,14371.3482432,25.0,14431.3482432,25.0,Serving UAV customer 25,Making Delivery
2.0,UAV,UAV taking off or landing with no parcels,14431.3482432,25.0,14436.8482432,25.0,Takeoff from UAV customer 25,Traveling
2.0,UAV,UAV travels empty,14436.8482432,25.0,14593.305625,60.0,Fly to truck at customer 60,Traveling
2.0,UAV,UAV is stationary without a parcel,14593.305625,60.0,14662.5388848,60.0,Idle above rendezvous location (customer 60),Idle
2.0,UAV,UAV taking off or landing with no parcels,14662.5388848,60.0,14672.5388848,60.0,Land at truck rendezvous location (customer 60),Traveling
2.0,UAV,UAV is stationary without a parcel,14672.5388848,60.0,14702.5388848,60.0,Recovered by truck at customer 60,UAV Recovery
2.0,UAV,UAV is stationary with a parcel,15143.1791518,47.0,15203.1791518,47.0,Prepare to launch from truck,UAV Launch
2.0,UAV,UAV taking off or landing with a parcel,15203.1791518,47.0,15208.6791518,47.0,Takeoff from truck at Customer 47,Traveling
2.0,UAV,UAV travels with parcel,15208.6791518,47.0,15262.3767441,12.0,Fly to UAV customer 12,Traveling
2.0,UAV,UAV taking off or landing with a parcel,15262.3767441,12.0,15272.3767441,12.0,Land at UAV customer 12,Traveling
2.0,UAV,UAV is stationary with a parcel,15272.3767441,12.0,15332.3767441,12.0,Serving UAV customer 12,Making Delivery
2.0,UAV,UAV taking off or landing with no parcels,15332.3767441,12.0,15337.8767441,12.0,Takeoff from UAV customer 12,Traveling
2.0,UAV,UAV travels empty,15337.8767441,12.0,15475.7832872,93.0,Fly to truck at customer 93,Traveling
2.0,UAV,UAV is stationary without a parcel,15475.7832872,93.0,15499.9922658,93.0,Idle above rendezvous location (customer 93),Idle
2.0,UAV,UAV taking off or landing with no parcels,15499.9922658,93.0,15509.9922658,93.0,Land at truck rendezvous location (customer 93),Traveling
2.0,UAV,UAV is stationary without a parcel,15509.9922658,93.0,15539.9922658,93.0,Recovered by truck at customer 93,UAV Recovery
2.0,UAV,UAV is stationary with a parcel,15599.9922658,93.0,15659.9922658,93.0,Prepare to launch from truck,UAV Launch
2.0,UAV,UAV taking off or landing with a parcel,15659.9922658,93.0,15665.4922658,93.0,Takeoff from truck at Customer 93,Traveling
2.0,UAV,UAV travels with parcel,15665.4922658,93.0,15777.086604,2.0,Fly to UAV customer 2,Traveling
2.0,UAV,UAV taking off or landing with a parcel,15777.086604,2.0,15787.086604,2.0,Land at UAV customer 2,Traveling
2.0,UAV,UAV is stationary with a parcel,15787.086604,2.0,15847.086604,2.0,Serving UAV customer 2,Making Delivery
2.0,UAV,UAV taking off or landing with no parcels,15847.086604,2.0,15852.586604,2.0,Takeoff from UAV customer 2,Traveling
2.0,UAV,UAV travels empty,15852.586604,2.0,15930.2939589,15.0,Fly to truck at customer 15,Traveling
2.0,UAV,UAV is stationary without a parcel,15930.2939589,15.0,16005.1522558,15.0,Idle above rendezvous location (customer 15),Idle
2.0,UAV,UAV taking off or landing with no parcels,16005.1522558,15.0,16015.1522558,15.0,Land at truck rendezvous location (customer 15),Traveling
2.0,UAV,UAV is stationary without a parcel,16015.1522558,15.0,16045.1522558,15.0,Recovered by truck at customer 15,UAV Recovery
2.0,UAV,UAV is stationary with a parcel,16585.2948988,40.0,16645.2948988,40.0,Prepare to launch from truck,UAV Launch
2.0,UAV,UAV taking off or landing with a parcel,16645.2948988,40.0,16650.7948988,40.0,Takeoff from truck at Customer 40,Traveling
2.0,UAV,UAV travels with parcel,16650.7948988,40.0,16801.0284943,38.0,Fly to UAV customer 38,Traveling
2.0,UAV,UAV taking off or landing with a parcel,16801.0284943,38.0,16811.0284943,38.0,Land at UAV customer 38,Traveling
2.0,UAV,UAV is stationary with a parcel,16811.0284943,38.0,16871.0284943,38.0,Serving UAV customer 38,Making Delivery
2.0,UAV,UAV taking off or landing with no parcels,16871.0284943,38.0,16876.5284943,38.0,Takeoff from UAV customer 38,Traveling
2.0,UAV,UAV travels empty,16876.5284943,38.0,17088.9583255,101.0,Fly to depot,Traveling
2.0,UAV,UAV taking off or landing with no parcels,17088.9583255,101.0,17098.9583255,101.0,Land at depot,Traveling
2.0,UAV,UAV is stationary without a parcel,17098.9583255,101.0,17128.9583255,101.0,Recovered at depot,UAV Recovery
3.0,UAV,UAV is stationary with a parcel,60.0,0.0,120.0,0.0,Prepare to launch from truck,UAV Launch
3.0,UAV,UAV taking off or landing with a parcel,120.0,0.0,125.5,0.0,Takeoff from Depot,Traveling
3.0,UAV,UAV travels with parcel,125.5,0.0,248.281025216,1.0,Fly to UAV customer 1,Traveling
3.0,UAV,UAV taking off or landing with a parcel,248.281025216,1.0,258.281025216,1.0,Land at UAV customer 1,Traveling
3.0,UAV,UAV is stationary with a parcel,258.281025216,1.0,318.281025216,1.0,Serving UAV customer 1,Making Delivery
3.0,UAV,UAV taking off or landing with no parcels,318.281025216,1.0,323.781025216,1.0,Takeoff from UAV customer 1,Traveling
3.0,UAV,UAV travels empty,323.781025216,1.0,493.083583884,7.0,Fly to truck at customer 7,Traveling
3.0,UAV,UAV is stationary without a parcel,493.083583884,7.0,579.099388,7.0,Idle above rendezvous location (customer 7),Idle
3.0,UAV,UAV taking off or landing with no parcels,579.099388,7.0,589.099388,7.0,Land at truck rendezvous location (customer 7),Traveling
3.0,UAV,UAV is stationary without a parcel,589.099388,7.0,619.099388,7.0,Recovered by truck at customer 7,UAV Recovery
3.0,UAV,UAV is stationary with a parcel,1211.281729,3.0,1271.281729,3.0,Prepare to launch from truck,UAV Launch
3.0,UAV,UAV taking off or landing with a parcel,1271.281729,3.0,1276.781729,3.0,Takeoff from truck at Customer 3,Traveling
3.0,UAV,UAV travels with parcel,1276.781729,3.0,1476.95909652,24.0,Fly to UAV customer 24,Traveling
3.0,UAV,UAV taking off or landing with a parcel,1476.95909652,24.0,1486.95909652,24.0,Land at UAV customer 24,Traveling
3.0,UAV,UAV is stationary with a parcel,1486.95909652,24.0,1546.95909652,24.0,Serving UAV customer 24,Making Delivery
3.0,UAV,UAV taking off or landing with no parcels,1546.95909652,24.0,1552.45909652,24.0,Takeoff from UAV customer 24,Traveling
3.0,UAV,UAV travels empty,1552.45909652,24.0,1839.591104,52.0,Fly to truck at customer 52,Traveling
3.0,UAV,UAV taking off or landing with no parcels,1839.591104,52.0,1849.591104,52.0,Land at truck rendezvous location (customer 52),Traveling
3.0,UAV,UAV is stationary without a parcel,1849.591104,52.0,1879.591104,52.0,Recovered by truck at customer 52,UAV Recovery
3.0,UAV,UAV is stationary with a parcel,1879.591104,52.0,1939.591104,52.0,Prepare to launch from truck,UAV Launch
3.0,UAV,UAV taking off or landing with a parcel,1939.591104,52.0,1945.091104,52.0,Takeoff from truck at Customer 52,Traveling
3.0,UAV,UAV travels with parcel,1945.091104,52.0,2108.85352822,36.0,Fly to UAV customer 36,Traveling
3.0,UAV,UAV taking off or landing with a parcel,2108.85352822,36.0,2118.85352822,36.0,Land at UAV customer 36,Traveling
3.0,UAV,UAV is stationary with a parcel,2118.85352822,36.0,2178.85352822,36.0,Serving UAV customer 36,Making Delivery
3.0,UAV,UAV taking off or landing with no parcels,2178.85352822,36.0,2184.35352822,36.0,Takeoff from UAV customer 36,Traveling
3.0,UAV,UAV travels empty,2184.35352822,36.0,2474.82609875,83.0,Fly to truck at customer 83,Traveling
3.0,UAV,UAV is stationary without a parcel,2474.82609875,83.0,2480.682947,83.0,Idle above rendezvous location (customer 83),Idle
3.0,UAV,UAV taking off or landing with no parcels,2480.682947,83.0,2490.682947,83.0,Land at truck rendezvous location (customer 83),Traveling
3.0,UAV,UAV is stationary without a parcel,2490.682947,83.0,2520.682947,83.0,Recovered by truck at customer 83,UAV Recovery
3.0,UAV,UAV is stationary with a parcel,2520.682947,83.0,2580.682947,83.0,Prepare to launch from truck,UAV Launch
3.0,UAV,UAV taking off or landing with a parcel,2580.682947,83.0,2586.182947,83.0,Takeoff from truck at Customer 83,Traveling
3.0,UAV,UAV travels with parcel,2586.182947,83.0,2707.57479897,58.0,Fly to UAV customer 58,Traveling
3.0,UAV,UAV taking off or landing with a parcel,2707.57479897,58.0,2717.57479897,58.0,Land at UAV customer 58,Traveling
3.0,UAV,UAV is stationary with a parcel,2717.57479897,58.0,2777.57479897,58.0,Serving UAV customer 58,Making Delivery
3.0,UAV,UAV taking off or landing with no parcels,2777.57479897,58.0,2783.07479897,58.0,Takeoff from UAV customer 58,Traveling
3.0,UAV,UAV travels empty,2783.07479897,58.0,2957.14760526,13.0,Fly to truck at customer 13,Traveling
3.0,UAV,UAV is stationary without a parcel,2957.14760526,13.0,3007.847171,13.0,Idle above rendezvous location (customer 13),Idle
3.0,UAV,UAV taking off or landing with no parcels,3007.847171,13.0,3017.847171,13.0,Land at truck rendezvous location (customer 13),Traveling
3.0,UAV,UAV is stationary without a parcel,3017.847171,13.0,3047.847171,13.0,Recovered by truck at customer 13,UAV Recovery
3.0,UAV,UAV is stationary with a parcel,3223.706588,19.0,3283.706588,19.0,Prepare to launch from truck,UAV Launch
3.0,UAV,UAV taking off or landing with a parcel,3283.706588,19.0,3289.206588,19.0,Takeoff from truck at Customer 19,Traveling
3.0,UAV,UAV travels with parcel,3289.206588,19.0,3342.24896868,29.0,Fly to UAV customer 29,Traveling
3.0,UAV,UAV taking off or landing with a parcel,3342.24896868,29.0,3352.24896868,29.0,Land at UAV customer 29,Traveling
3.0,UAV,UAV is stationary with a parcel,3352.24896868,29.0,3412.24896868,29.0,Serving UAV customer 29,Making Delivery
3.0,UAV,UAV taking off or landing with no parcels,3412.24896868,29.0,3417.74896868,29.0,Takeoff from UAV customer 29,Traveling
3.0,UAV,UAV travels empty,3417.74896868,29.0,3550.04031947,96.0,Fly to truck at customer 96,Traveling
3.0,UAV,UAV is stationary without a parcel,3550.04031947,96.0,3602.51921,96.0,Idle above rendezvous location (customer 96),Idle
3.0,UAV,UAV taking off or landing with no parcels,3602.51921,96.0,3612.51921,96.0,Land at truck rendezvous location (customer 96),Traveling
3.0,UAV,UAV is stationary without a parcel,3612.51921,96.0,3642.51921,96.0,Recovered by truck at customer 96,UAV Recovery
3.0,UAV,UAV is stationary with a parcel,3762.51921,96.0,3822.51921,96.0,Prepare to launch from truck,UAV Launch
3.0,UAV,UAV taking off or landing with a parcel,3822.51921,96.0,3828.01921,96.0,Takeoff from truck at Customer 96,Traveling
3.0,UAV,UAV travels with parcel,3828.01921,96.0,3937.36861823,10.0,Fly to UAV customer 10,Traveling
3.0,UAV,UAV taking off or landing with a parcel,3937.36861823,10.0,3947.36861823,10.0,Land at UAV customer 10,Traveling
3.0,UAV,UAV is stationary with a parcel,3947.36861823,10.0,4007.36861823,10.0,Serving UAV customer 10,Making Delivery
3.0,UAV,UAV taking off or landing with no parcels,4007.36861823,10.0,4012.86861823,10.0,Takeoff from UAV customer 10,Traveling
3.0,UAV,UAV travels empty,4012.86861823,10.0,4121.71484539,59.0,Fly to truck at customer 59,Traveling
3.0,UAV,UAV taking off or landing with no parcels,4121.71484539,59.0,4131.71484539,59.0,Land at truck rendezvous location (customer 59),Traveling
3.0,UAV,UAV is stationary without a parcel,4131.71484539,59.0,4161.71484539,59.0,Recovered by truck at customer 59,UAV Recovery
3.0,UAV,UAV is stationary with a parcel,4161.71484539,59.0,4221.71484539,59.0,Prepare to launch from truck,UAV Launch
3.0,UAV,UAV taking off or landing with a parcel,4221.71484539,59.0,4227.21484539,59.0,Takeoff from truck at Customer 59,Traveling
3.0,UAV,UAV travels with parcel,4227.21484539,59.0,4455.7137785,14.0,Fly to UAV customer 14,Traveling
3.0,UAV,UAV taking off or landing with a parcel,4455.7137785,14.0,4465.7137785,14.0,Land at UAV customer 14,Traveling
3.0,UAV,UAV is stationary with a parcel,4465.7137785,14.0,4525.7137785,14.0,Serving UAV customer 14,Making Delivery
3.0,UAV,UAV taking off or landing with no parcels,4525.7137785,14.0,4531.2137785,14.0,Takeoff from UAV customer 14,Traveling
3.0,UAV,UAV travels empty,4531.2137785,14.0,4636.15436498,34.0,Fly to truck at customer 34,Traveling
3.0,UAV,UAV is stationary without a parcel,4636.15436498,34.0,4636.71367039,34.0,Idle above rendezvous location (customer 34),Idle
3.0,UAV,UAV taking off or landing with no parcels,4636.71367039,34.0,4646.71367039,34.0,Land at truck rendezvous location (customer 34),Traveling
3.0,UAV,UAV is stationary without a parcel,4646.71367039,34.0,4676.71367039,34.0,Recovered by truck at customer 34,UAV Recovery
3.0,UAV,UAV is stationary with a parcel,5066.32931539,77.0,5126.32931539,77.0,Prepare to launch from truck,UAV Launch
3.0,UAV,UAV taking off or landing with a parcel,5126.32931539,77.0,5131.82931539,77.0,Takeoff from truck at Customer 77,Traveling
3.0,UAV,UAV travels with parcel,5131.82931539,77.0,5348.59657411,70.0,Fly to UAV customer 70,Traveling
3.0,UAV,UAV taking off or landing with a parcel,5348.59657411,70.0,5358.59657411,70.0,Land at UAV customer 70,Traveling
3.0,UAV,UAV is stationary with a parcel,5358.59657411,70.0,5418.59657411,70.0,Serving UAV customer 70,Making Delivery
3.0,UAV,UAV taking off or landing with no parcels,5418.59657411,70.0,5424.09657411,70.0,Takeoff from UAV customer 70,Traveling
3.0,UAV,UAV travels empty,5424.09657411,70.0,5578.25833539,43.0,Fly to truck at customer 43,Traveling
3.0,UAV,UAV taking off or landing with no parcels,5578.25833539,43.0,5588.25833539,43.0,Land at truck rendezvous location (customer 43),Traveling
3.0,UAV,UAV is stationary without a parcel,5588.25833539,43.0,5618.25833539,43.0,Recovered by truck at customer 43,UAV Recovery
3.0,UAV,UAV is stationary with a parcel,5772.04943839,30.0,5832.04943839,30.0,Prepare to launch from truck,UAV Launch
3.0,UAV,UAV taking off or landing with a parcel,5832.04943839,30.0,5837.54943839,30.0,Takeoff from truck at Customer 30,Traveling
3.0,UAV,UAV travels with parcel,5837.54943839,30.0,6007.59497671,31.0,Fly to UAV customer 31,Traveling
3.0,UAV,UAV taking off or landing with a parcel,6007.59497671,31.0,6017.59497671,31.0,Land at UAV customer 31,Traveling
3.0,UAV,UAV is stationary with a parcel,6017.59497671,31.0,6077.59497671,31.0,Serving UAV customer 31,Making Delivery
3.0,UAV,UAV taking off or landing with no parcels,6077.59497671,31.0,6083.09497671,31.0,Takeoff from UAV customer 31,Traveling
3.0,UAV,UAV travels empty,6083.09497671,31.0,6381.1502955,8.0,Fly to truck at customer 8,Traveling
3.0,UAV,UAV is stationary without a parcel,6381.1502955,8.0,6838.08600039,8.0,Idle above rendezvous location (customer 8),Idle
3.0,UAV,UAV taking off or landing with no parcels,6838.08600039,8.0,6848.08600039,8.0,Land at truck rendezvous location (customer 8),Traveling
3.0,UAV,UAV is stationary without a parcel,6848.08600039,8.0,6878.08600039,8.0,Recovered by truck at customer 8,UAV Recovery
3.0,UAV,UAV is stationary with a parcel,7124.59631739,37.0,7184.59631739,37.0,Prepare to launch from truck,UAV Launch
3.0,UAV,UAV taking off or landing with a parcel,7184.59631739,37.0,7190.09631739,37.0,Takeoff from truck at Customer 37,Traveling
3.0,UAV,UAV travels with parcel,7190.09631739,37.0,7237.69100517,56.0,Fly to UAV customer 56,Traveling
3.0,UAV,UAV taking off or landing with a parcel,7237.69100517,56.0,7247.69100517,56.0,Land at UAV customer 56,Traveling
3.0,UAV,UAV is stationary with a parcel,7247.69100517,56.0,7307.69100517,56.0,Serving UAV customer 56,Making Delivery
3.0,UAV,UAV taking off or landing with no parcels,7307.69100517,56.0,7313.19100517,56.0,Takeoff from UAV customer 56,Traveling
3.0,UAV,UAV travels empty,7313.19100517,56.0,7379.1766203,100.0,Fly to truck at customer 100,Traveling
3.0,UAV,UAV is stationary without a parcel,7379.1766203,100.0,7417.46360539,100.0,Idle above rendezvous location (customer 100),Idle
3.0,UAV,UAV taking off or landing with no parcels,7417.46360539,100.0,7427.46360539,100.0,Land at truck rendezvous location (customer 100),Traveling
3.0,UAV,UAV is stationary without a parcel,7427.46360539,100.0,7457.46360539,100.0,Recovered by truck at customer 100,UAV Recovery
3.0,UAV,UAV is stationary with a parcel,7487.46360539,100.0,7547.46360539,100.0,Prepare to launch from truck,UAV Launch
3.0,UAV,UAV taking off or landing with a parcel,7547.46360539,100.0,7552.96360539,100.0,Takeoff from truck at Customer 100,Traveling
3.0,UAV,UAV travels with parcel,7552.96360539,100.0,7618.3211291,65.0,Fly to UAV customer 65,Traveling
3.0,UAV,UAV taking off or landing with a parcel,7618.3211291,65.0,7628.3211291,65.0,Land at UAV customer 65,Traveling
3.0,UAV,UAV is stationary with a parcel,7628.3211291,65.0,7688.3211291,65.0,Serving UAV customer 65,Making Delivery
3.0,UAV,UAV taking off or landing with no parcels,7688.3211291,65.0,7693.8211291,65.0,Takeoff from UAV customer 65,Traveling
3.0,UAV,UAV travels empty,7693.8211291,65.0,7754.98282335,85.0,Fly to truck at customer 85,Traveling
3.0,UAV,UAV taking off or landing with no parcels,7754.98282335,85.0,7764.98282335,85.0,Land at truck rendezvous location (customer 85),Traveling
3.0,UAV,UAV is stationary without a parcel,7764.98282335,85.0,7794.98282335,85.0,Recovered by truck at customer 85,UAV Recovery
3.0,UAV,UAV is stationary with a parcel,7794.98282335,85.0,7854.98282335,85.0,Prepare to launch from truck,UAV Launch
3.0,UAV,UAV taking off or landing with a parcel,7854.98282335,85.0,7860.48282335,85.0,Takeoff from truck at Customer 85,Traveling
3.0,UAV,UAV travels with parcel,7860.48282335,85.0,7998.8036444,57.0,Fly to UAV customer 57,Traveling
3.0,UAV,UAV taking off or landing with a parcel,7998.8036444,57.0,8008.8036444,57.0,Land at UAV customer 57,Traveling
3.0,UAV,UAV is stationary with a parcel,8008.8036444,57.0,8068.8036444,57.0,Serving UAV customer 57,Making Delivery
3.0,UAV,UAV taking off or landing with no parcels,8068.8036444,57.0,8074.3036444,57.0,Takeoff from UAV customer 57,Traveling
3.0,UAV,UAV travels empty,8074.3036444,57.0,8291.65211754,88.0,Fly to truck at customer 88,Traveling
3.0,UAV,UAV is stationary without a parcel,8291.65211754,88.0,8300.51938335,88.0,Idle above rendezvous location (customer 88),Idle
3.0,UAV,UAV taking off or landing with no parcels,8300.51938335,88.0,8310.51938335,88.0,Land at truck rendezvous location (customer 88),Traveling
3.0,UAV,UAV is stationary without a parcel,8310.51938335,88.0,8340.51938335,88.0,Recovered by truck at customer 88,UAV Recovery
3.0,UAV,UAV is stationary with a parcel,8340.51938335,88.0,8400.51938335,88.0,Prepare to launch from truck,UAV Launch
3.0,UAV,UAV taking off or landing with a parcel,8400.51938335,88.0,8406.01938335,88.0,Takeoff from truck at Customer 88,Traveling
3.0,UAV,UAV travels with parcel,8406.01938335,88.0,8453.63706063,55.0,Fly to UAV customer 55,Traveling
3.0,UAV,UAV taking off or landing with a parcel,8453.63706063,55.0,8463.63706063,55.0,Land at UAV customer 55,Traveling
3.0,UAV,UAV is stationary with a parcel,8463.63706063,55.0,8523.63706063,55.0,Serving UAV customer 55,Making Delivery
3.0,UAV,UAV taking off or landing with no parcels,8523.63706063,55.0,8529.13706063,55.0,Takeoff from UAV customer 55,Traveling
3.0,UAV,UAV travels empty,8529.13706063,55.0,8698.94692676,20.0,Fly to truck at customer 20,Traveling
3.0,UAV,UAV is stationary without a parcel,8698.94692676,20.0,8889.37012335,20.0,Idle above rendezvous location (customer 20),Idle
3.0,UAV,UAV taking off or landing with no parcels,8889.37012335,20.0,8899.37012335,20.0,Land at truck rendezvous location (customer 20),Traveling
3.0,UAV,UAV is stationary without a parcel,8899.37012335,20.0,8929.37012335,20.0,Recovered by truck at customer 20,UAV Recovery
3.0,UAV,UAV is stationary with a parcel,8959.37012335,20.0,9019.37012335,20.0,Prepare to launch from truck,UAV Launch
3.0,UAV,UAV taking off or landing with a parcel,9019.37012335,20.0,9024.87012335,20.0,Takeoff from truck at Customer 20,Traveling
3.0,UAV,UAV travels with parcel,9024.87012335,20.0,9099.41238253,26.0,Fly to UAV customer 26,Traveling
3.0,UAV,UAV taking off or landing with a parcel,9099.41238253,26.0,9109.41238253,26.0,Land at UAV customer 26,Traveling
3.0,UAV,UAV is stationary with a parcel,9109.41238253,26.0,9169.41238253,26.0,Serving UAV customer 26,Making Delivery
3.0,UAV,UAV taking off or landing with no parcels,9169.41238253,26.0,9174.91238253,26.0,Takeoff from UAV customer 26,Traveling
3.0,UAV,UAV travels empty,9174.91238253,26.0,9265.87273537,71.0,Fly to truck at customer 71,Traveling
3.0,UAV,UAV is stationary without a parcel,9265.87273537,71.0,9269.21010535,71.0,Idle above rendezvous location (customer 71),Idle
3.0,UAV,UAV taking off or landing with no parcels,9269.21010535,71.0,9279.21010535,71.0,Land at truck rendezvous location (customer 71),Traveling
3.0,UAV,UAV is stationary without a parcel,9279.21010535,71.0,9309.21010535,71.0,Recovered by truck at customer 71,UAV Recovery
3.0,UAV,UAV is stationary with a parcel,9369.21010535,71.0,9429.21010535,71.0,Prepare to launch from truck,UAV Launch
3.0,UAV,UAV taking off or landing with a parcel,9429.21010535,71.0,9434.71010535,71.0,Takeoff from truck at Customer 71,Traveling
3.0,UAV,UAV travels with parcel,9434.71010535,71.0,9491.0839208,94.0,Fly to UAV customer 94,Traveling
3.0,UAV,UAV taking off or landing with a parcel,9491.0839208,94.0,9501.0839208,94.0,Land at UAV customer 94,Traveling
3.0,UAV,UAV is stationary with a parcel,9501.0839208,94.0,9561.0839208,94.0,Serving UAV customer 94,Making Delivery
3.0,UAV,UAV taking off or landing with no parcels,9561.0839208,94.0,9566.5839208,94.0,Takeoff from UAV customer 94,Traveling
3.0,UAV,UAV travels empty,9566.5839208,94.0,9694.54151568,46.0,Fly to truck at customer 46,Traveling
3.0,UAV,UAV is stationary without a parcel,9694.54151568,46.0,9703.37947835,46.0,Idle above rendezvous location (customer 46),Idle
3.0,UAV,UAV taking off or landing with no parcels,9703.37947835,46.0,9713.37947835,46.0,Land at truck rendezvous location (customer 46),Traveling
3.0,UAV,UAV is stationary without a parcel,9713.37947835,46.0,9743.37947835,46.0,Recovered by truck at customer 46,UAV Recovery
3.0,UAV,UAV is stationary with a parcel,10427.6399154,21.0,10487.6399154,21.0,Prepare to launch from truck,UAV Launch
3.0,UAV,UAV taking off or landing with a parcel,10487.6399154,21.0,10493.1399154,21.0,Takeoff from truck at Customer 21,Traveling
3.0,UAV,UAV travels with parcel,10493.1399154,21.0,10721.4261437,61.0,Fly to UAV customer 61,Traveling
3.0,UAV,UAV taking off or landing with a parcel,10721.4261437,61.0,10731.4261437,61.0,Land at UAV customer 61,Traveling
3.0,UAV,UAV is stationary with a parcel,10731.4261437,61.0,10791.4261437,61.0,Serving UAV customer 61,Making Delivery
3.0,UAV,UAV taking off or landing with no parcels,10791.4261437,61.0,10796.9261437,61.0,Takeoff from UAV customer 61,Traveling
3.0,UAV,UAV travels empty,10796.9261437,61.0,10974.2175298,92.0,Fly to truck at customer 92,Traveling
3.0,UAV,UAV is stationary without a parcel,10974.2175298,92.0,11255.1207104,92.0,Idle above rendezvous location (customer 92),Idle
3.0,UAV,UAV taking off or landing with no parcels,11255.1207104,92.0,11265.1207104,92.0,Land at truck rendezvous location (customer 92),Traveling
3.0,UAV,UAV is stationary without a parcel,11265.1207104,92.0,11295.1207104,92.0,Recovered by truck at customer 92,UAV Recovery
3.0,UAV,UAV is stationary with a parcel,11555.0649674,9.0,11615.0649674,9.0,Prepare to launch from truck,UAV Launch
3.0,UAV,UAV taking off or landing with a parcel,11615.0649674,9.0,11620.5649674,9.0,Takeoff from truck at Customer 9,Traveling
3.0,UAV,UAV travels with parcel,11620.5649674,9.0,11991.9292467,62.0,Fly to UAV customer 62,Traveling
3.0,UAV,UAV taking off or landing with a parcel,11991.9292467,62.0,12001.9292467,62.0,Land at UAV customer 62,Traveling
3.0,UAV,UAV is stationary with a parcel,12001.9292467,62.0,12061.9292467,62.0,Serving UAV customer 62,Making Delivery
3.0,UAV,UAV taking off or landing with no parcels,12061.9292467,62.0,12067.4292467,62.0,Takeoff from UAV customer 62,Traveling
3.0,UAV,UAV travels empty,12067.4292467,62.0,12235.601417,69.0,Fly to truck at customer 69,Traveling
3.0,UAV,UAV is stationary without a parcel,12235.601417,69.0,12245.2955624,69.0,Idle above rendezvous location (customer 69),Idle
3.0,UAV,UAV taking off or landing with no parcels,12245.2955624,69.0,12255.2955624,69.0,Land at truck rendezvous location (customer 69),Traveling
3.0,UAV,UAV is stationary without a parcel,12255.2955624,69.0,12285.2955624,69.0,Recovered by truck at customer 69,UAV Recovery
3.0,UAV,UAV is stationary with a parcel,12285.2955624,69.0,12345.2955624,69.0,Prepare to launch from truck,UAV Launch
3.0,UAV,UAV taking off or landing with a parcel,12345.2955624,69.0,12350.7955624,69.0,Takeoff from truck at Customer 69,Traveling
3.0,UAV,UAV travels with parcel,12350.7955624,69.0,12448.878274,11.0,Fly to UAV customer 11,Traveling
3.0,UAV,UAV taking off or landing with a parcel,12448.878274,11.0,12458.878274,11.0,Land at UAV customer 11,Traveling
3.0,UAV,UAV is stationary with a parcel,12458.878274,11.0,12518.878274,11.0,Serving UAV customer 11,Making Delivery
3.0,UAV,UAV taking off or landing with no parcels,12518.878274,11.0,12524.378274,11.0,Takeoff from UAV customer 11,Traveling
3.0,UAV,UAV travels empty,12524.378274,11.0,12671.4431774,51.0,Fly to truck at customer 51,Traveling
3.0,UAV,UAV is stationary without a parcel,12671.4431774,51.0,12951.8510474,51.0,Idle above rendezvous location (customer 51),Idle
3.0,UAV,UAV taking off or landing with no parcels,12951.8510474,51.0,12961.8510474,51.0,Land at truck rendezvous location (customer 51),Traveling
3.0,UAV,UAV is stationary without a parcel,12961.8510474,51.0,12991.8510474,51.0,Recovered by truck at customer 51,UAV Recovery
3.0,UAV,UAV is stationary with a parcel,13021.8510474,51.0,13081.8510474,51.0,Prepare to launch from truck,UAV Launch
3.0,UAV,UAV taking off or landing with a parcel,13081.8510474,51.0,13087.3510474,51.0,Takeoff from truck at Customer 51,Traveling
3.0,UAV,UAV travels with parcel,13087.3510474,51.0,13128.5083538,33.0,Fly to UAV customer 33,Traveling
3.0,UAV,UAV taking off or landing with a parcel,13128.5083538,33.0,13138.5083538,33.0,Land at UAV customer 33,Traveling
3.0,UAV,UAV is stationary with a parcel,13138.5083538,33.0,13198.5083538,33.0,Serving UAV customer 33,Making Delivery
3.0,UAV,UAV taking off or landing with no parcels,13198.5083538,33.0,13204.0083538,33.0,Takeoff from UAV customer 33,Traveling
3.0,UAV,UAV travels empty,13204.0083538,33.0,13239.9789358,78.0,Fly to truck at customer 78,Traveling
3.0,UAV,UAV taking off or landing with no parcels,13239.9789358,78.0,13249.9789358,78.0,Land at truck rendezvous location (customer 78),Traveling
3.0,UAV,UAV is stationary without a parcel,13249.9789358,78.0,13279.9789358,78.0,Recovered by truck at customer 78,UAV Recovery
3.0,UAV,UAV is stationary with a parcel,13369.9789358,78.0,13429.9789358,78.0,Prepare to launch from truck,UAV Launch
3.0,UAV,UAV taking off or landing with a parcel,13429.9789358,78.0,13435.4789358,78.0,Takeoff from truck at Customer 78,Traveling
3.0,UAV,UAV travels with parcel,13435.4789358,78.0,13609.733651,6.0,Fly to UAV customer 6,Traveling
3.0,UAV,UAV taking off or landing with a parcel,13609.733651,6.0,13619.733651,6.0,Land at UAV customer 6,Traveling
3.0,UAV,UAV is stationary with a parcel,13619.733651,6.0,13679.733651,6.0,Serving UAV customer 6,Making Delivery
3.0,UAV,UAV taking off or landing with no parcels,13679.733651,6.0,13685.233651,6.0,Takeoff from UAV customer 6,Traveling
3.0,UAV,UAV travels empty,13685.233651,6.0,13910.5071619,66.0,Fly to truck at customer 66,Traveling
3.0,UAV,UAV is stationary without a parcel,13910.5071619,66.0,14015.2137278,66.0,Idle above rendezvous location (customer 66),Idle
3.0,UAV,UAV taking off or landing with no parcels,14015.2137278,66.0,14025.2137278,66.0,Land at truck rendezvous location (customer 66),Traveling
3.0,UAV,UAV is stationary without a parcel,14025.2137278,66.0,14055.2137278,66.0,Recovered by truck at customer 66,UAV Recovery
3.0,UAV,UAV is stationary with a parcel,14115.2137278,66.0,14175.2137278,66.0,Prepare to launch from truck,UAV Launch
3.0,UAV,UAV taking off or landing with a parcel,14175.2137278,66.0,14180.7137278,66.0,Takeoff from truck at Customer 66,Traveling
3.0,UAV,UAV travels with parcel,14180.7137278,66.0,14317.3148079,81.0,Fly to UAV customer 81,Traveling
3.0,UAV,UAV taking off or landing with a parcel,14317.3148079,81.0,14327.3148079,81.0,Land at UAV customer 81,Traveling
3.0,UAV,UAV is stationary with a parcel,14327.3148079,81.0,14387.3148079,81.0,Serving UAV customer 81,Making Delivery
3.0,UAV,UAV taking off or landing with no parcels,14387.3148079,81.0,14392.8148079,81.0,Takeoff from UAV customer 81,Traveling
3.0,UAV,UAV travels empty,14392.8148079,81.0,14705.4747349,60.0,Fly to truck at customer 60,Traveling
3.0,UAV,UAV is stationary without a parcel,14705.4747349,60.0,14722.5388848,60.0,Idle above rendezvous location (customer 60),Idle
3.0,UAV,UAV taking off or landing with no parcels,14722.5388848,60.0,14732.5388848,60.0,Land at truck rendezvous location (customer 60),Traveling
3.0,UAV,UAV is stationary without a parcel,14732.5388848,60.0,14762.5388848,60.0,Recovered by truck at customer 60,UAV Recovery
3.0,UAV,UAV is stationary with a parcel,15083.1791518,47.0,15143.1791518,47.0,Prepare to launch from truck,UAV Launch
3.0,UAV,UAV taking off or landing with a parcel,15143.1791518,47.0,15148.6791518,47.0,Takeoff from truck at Customer 47,Traveling
3.0,UAV,UAV travels with parcel,15148.6791518,47.0,15212.2067119,79.0,Fly to UAV customer 79,Traveling
3.0,UAV,UAV taking off or landing with a parcel,15212.2067119,79.0,15222.2067119,79.0,Land at UAV customer 79,Traveling
3.0,UAV,UAV is stationary with a parcel,15222.2067119,79.0,15282.2067119,79.0,Serving UAV customer 79,Making Delivery
3.0,UAV,UAV taking off or landing with no parcels,15282.2067119,79.0,15287.7067119,79.0,Takeoff from UAV customer 79,Traveling
3.0,UAV,UAV travels empty,15287.7067119,79.0,15509.366329,93.0,Fly to truck at customer 93,Traveling
3.0,UAV,UAV is stationary without a parcel,15509.366329,93.0,15529.9922658,93.0,Idle above rendezvous location (customer 93),Idle
3.0,UAV,UAV taking off or landing with no parcels,15529.9922658,93.0,15539.9922658,93.0,Land at truck rendezvous location (customer 93),Traveling
3.0,UAV,UAV is stationary without a parcel,15539.9922658,93.0,15569.9922658,93.0,Recovered by truck at customer 93,UAV Recovery
3.0,UAV,UAV is stationary with a parcel,15659.9922658,93.0,15719.9922658,93.0,Prepare to launch from truck,UAV Launch
3.0,UAV,UAV taking off or landing with a parcel,15719.9922658,93.0,15725.4922658,93.0,Takeoff from truck at Customer 93,Traveling
3.0,UAV,UAV travels with parcel,15725.4922658,93.0,15829.249479,54.0,Fly to UAV customer 54,Traveling
3.0,UAV,UAV taking off or landing with a parcel,15829.249479,54.0,15839.249479,54.0,Land at UAV customer 54,Traveling
3.0,UAV,UAV is stationary with a parcel,15839.249479,54.0,15899.249479,54.0,Serving UAV customer 54,Making Delivery
3.0,UAV,UAV taking off or landing with no parcels,15899.249479,54.0,15904.749479,54.0,Takeoff from UAV customer 54,Traveling
3.0,UAV,UAV travels empty,15904.749479,54.0,15968.0971829,15.0,Fly to truck at customer 15,Traveling
3.0,UAV,UAV is stationary without a parcel,15968.0971829,15.0,16035.1522558,15.0,Idle above rendezvous location (customer 15),Idle
3.0,UAV,UAV taking off or landing with no parcels,16035.1522558,15.0,16045.1522558,15.0,Land at truck rendezvous location (customer 15),Traveling
3.0,UAV,UAV is stationary without a parcel,16045.1522558,15.0,16075.1522558,15.0,Recovered by truck at customer 15,UAV Recovery
3.0,UAV,UAV is stationary with a parcel,16407.4735248,45.0,16467.4735248,45.0,Prepare to launch from truck,UAV Launch
3.0,UAV,UAV taking off or landing with a parcel,16467.4735248,45.0,16472.9735248,45.0,Takeoff from truck at Customer 45,Traveling
3.0,UAV,UAV travels with parcel,16472.9735248,45.0,16525.0497608,74.0,Fly to UAV customer 74,Traveling
3.0,UAV,UAV taking off or landing with a parcel,16525.0497608,74.0,16535.0497608,74.0,Land at UAV customer 74,Traveling
3.0,UAV,UAV is stationary with a parcel,16535.0497608,74.0,16595.0497608,74.0,Serving UAV customer 74,Making Delivery
3.0,UAV,UAV taking off or landing with no parcels,16595.0497608,74.0,16600.5497608,74.0,Takeoff from UAV customer 74,Traveling
3.0,UAV,UAV travels empty,16600.5497608,74.0,16640.5988754,40.0,Fly to truck at customer 40,Traveling
3.0,UAV,UAV taking off or landing with no parcels,16640.5988754,40.0,16650.5988754,40.0,Land at truck rendezvous location (customer 40),Traveling
3.0,UAV,UAV is stationary without a parcel,16650.5988754,40.0,16680.5988754,40.0,Recovered by truck at customer 40,UAV Recovery
3.0,UAV,UAV is stationary with a parcel,16680.5988754,40.0,16740.5988754,40.0,Prepare to launch from truck,UAV Launch
3.0,UAV,UAV taking off or landing with a parcel,16740.5988754,40.0,16746.0988754,40.0,Takeoff from truck at Customer 40,Traveling
3.0,UAV,UAV travels with parcel,16746.0988754,40.0,16893.0308609,35.0,Fly to UAV customer 35,Traveling
3.0,UAV,UAV taking off or landing with a parcel,16893.0308609,35.0,16903.0308609,35.0,Land at UAV customer 35,Traveling
3.0,UAV,UAV is stationary with a parcel,16903.0308609,35.0,16963.0308609,35.0,Serving UAV customer 35,Making Delivery
3.0,UAV,UAV taking off or landing with no parcels,16963.0308609,35.0,16968.5308609,35.0,Takeoff from UAV customer 35,Traveling
3.0,UAV,UAV travels empty,16968.5308609,35.0,17026.8883954,101.0,Fly to depot,Traveling
3.0,UAV,UAV taking off or landing with no parcels,17026.8883954,101.0,17036.8883954,101.0,Land at depot,Traveling
3.0,UAV,UAV is stationary without a parcel,17036.8883954,101.0,17066.8883954,101.0,Recovered at depot,UAV Recovery
